,True Label,Predicted Label
0,7,4
1,2,7
2,1,7
3,0,7
4,4,4
5,1,7
6,4,7
7,9,7
8,5,6
9,9,7
10,0,7
11,6,7
12,9,7
13,0,7
14,1,2
15,5,7
16,9,7
17,7,5
18,3,7
19,4,6
20,9,7
21,6,7
22,6,7
23,5,7
24,4,7
25,0,7
26,7,7
27,4,7
28,0,7
29,1,1
30,3,7
31,1,7
32,3,7
33,4,7
34,7,7
35,2,7
36,7,7
37,1,7
38,2,7
39,1,8
40,1,1
41,7,7
42,4,7
43,2,7
44,3,7
45,5,7
46,1,7
47,2,1
48,4,7
49,4,7
50,6,7
51,3,7
52,5,7
53,5,7
54,6,7
55,0,7
56,4,7
57,1,4
58,9,8
59,5,4
60,7,7
61,8,7
62,9,8
63,3,7
64,7,7
65,4,4
66,6,7
67,4,7
68,3,7
69,0,7
70,7,8
71,0,7
72,2,7
73,9,7
74,1,7
75,7,7
76,3,7
77,2,1
78,9,1
79,7,7
80,7,7
81,6,7
82,2,7
83,7,0
84,8,7
85,4,7
86,7,7
87,3,7
88,6,7
89,1,7
90,3,7
91,6,7
92,9,2
93,3,7
94,1,3
95,4,7
96,1,7
97,7,9
98,6,7
99,9,7
100,6,7
101,0,7
102,5,7
103,4,7
104,9,7
105,9,7
106,2,7
107,1,2
108,9,7
109,4,7
110,8,7
111,7,7
112,3,2
113,9,3
114,7,7
115,4,7
116,4,7
117,4,7
118,9,7
119,2,7
120,5,7
121,4,7
122,7,2
123,6,7
124,7,6
125,9,7
126,0,7
127,5,7
128,8,7
129,5,4
130,6,7
131,6,7
132,5,7
133,7,7
134,8,7
135,1,2
136,0,7
137,1,7
138,6,6
139,4,7
140,6,7
141,7,9
142,3,4
143,1,9
144,7,2
145,1,1
146,8,7
147,2,7
148,0,7
149,2,4
150,9,7
151,9,7
152,5,7
153,5,7
154,1,1
155,5,7
156,6,1
157,0,7
158,3,7
159,4,7
160,4,3
161,6,7
162,5,9
163,4,1
164,6,7
165,5,7
166,4,7
167,5,6
168,1,7
169,4,7
170,4,7
171,7,7
172,2,7
173,3,6
174,2,7
175,7,1
176,1,1
177,8,7
178,1,7
179,8,7
180,1,3
181,8,7
182,5,1
183,0,7
184,8,7
185,9,7
186,2,7
187,5,7
188,0,7
189,1,2
190,1,7
191,1,7
192,0,7
193,9,7
194,0,7
195,3,6
196,1,7
197,6,7
198,4,2
199,2,7
200,3,7
201,6,7
202,1,7
203,1,1
204,1,4
205,3,7
206,9,7
207,5,7
208,2,7
209,9,7
210,4,3
211,5,7
212,9,7
213,3,7
214,9,0
215,0,7
216,3,7
217,6,7
218,5,7
219,5,7
220,7,7
221,2,7
222,2,7
223,7,7
224,1,7
225,2,7
226,8,8
227,4,7
228,1,7
229,7,1
230,3,7
231,3,6
232,8,7
233,8,8
234,7,2
235,9,7
236,2,7
237,2,7
238,4,2
239,1,1
240,5,7
241,9,7
242,8,3
243,7,7
244,2,7
245,3,1
246,0,7
247,4,7
248,4,7
249,2,7
250,4,8
251,1,7
252,9,7
253,5,7
254,7,1
255,7,9
256,2,7
257,8,7
258,2,3
259,6,5
260,8,2
261,5,7
262,7,2
263,7,7
264,9,7
265,1,1
266,8,7
267,1,7
268,8,7
269,0,7
270,3,7
271,0,7
272,1,1
273,9,7
274,9,7
275,4,7
276,1,7
277,8,7
278,2,2
279,1,7
280,2,7
281,9,7
282,7,7
283,5,7
284,9,7
285,2,7
286,6,7
287,4,7
288,1,7
289,5,7
290,8,7
291,2,2
292,9,8
293,2,7
294,0,7
295,4,3
296,0,7
297,0,7
298,2,7
299,8,7
300,4,7
301,7,8
302,1,7
303,2,3
304,4,7
305,0,7
306,2,2
307,7,1
308,4,6
309,3,4
310,3,7
311,0,3
312,0,7
313,3,7
314,1,7
315,9,7
316,6,7
317,5,7
318,2,7
319,5,7
320,9,2
321,2,7
322,9,7
323,3,7
324,0,7
325,4,7
326,2,7
327,0,7
328,7,7
329,1,1
330,1,1
331,2,7
332,1,2
333,5,7
334,3,3
335,3,7
336,9,6
337,7,7
338,8,7
339,6,7
340,5,7
341,6,4
342,1,7
343,3,7
344,8,7
345,1,1
346,0,7
347,5,8
348,1,7
349,3,7
350,1,7
351,5,7
352,5,7
353,6,7
354,1,7
355,8,2
356,5,7
357,1,1
358,7,6
359,9,7
360,4,7
361,6,7
362,2,7
363,2,7
364,5,7
365,0,7
366,6,6
367,5,7
368,6,7
369,3,1
370,7,2
371,2,8
372,0,7
373,8,7
374,8,7
375,5,7
376,4,2
377,1,1
378,1,1
379,4,7
380,0,7
381,3,7
382,3,7
383,7,7
384,6,7
385,1,6
386,6,7
387,2,0
388,1,7
389,9,7
390,2,7
391,8,7
392,6,7
393,1,1
394,9,7
395,5,5
396,2,7
397,5,7
398,4,7
399,4,7
400,2,2
401,8,7
402,3,7
403,8,2
404,2,7
405,4,3
406,5,7
407,0,7
408,3,9
409,1,7
410,7,7
411,7,7
412,5,7
413,7,7
414,9,7
415,7,7
416,1,1
417,9,6
418,2,7
419,1,1
420,4,2
421,2,3
422,9,7
423,2,7
424,0,7
425,4,7
426,9,7
427,1,1
428,4,7
429,8,7
430,1,4
431,8,7
432,4,0
433,5,7
434,9,7
435,8,0
436,8,7
437,3,7
438,7,6
439,6,7
440,0,7
441,0,7
442,3,7
443,0,3
444,2,7
445,6,7
446,6,7
447,4,7
448,9,7
449,3,7
450,3,7
451,3,6
452,2,7
453,3,7
454,9,9
455,1,7
456,2,1
457,6,3
458,8,2
459,0,7
460,5,8
461,6,7
462,6,7
463,6,7
464,3,7
465,8,7
466,8,7
467,2,7
468,7,7
469,5,7
470,8,7
471,9,7
472,6,7
473,1,1
474,8,7
475,4,7
476,1,1
477,2,7
478,5,1
479,9,7
480,1,3
481,9,7
482,7,7
483,5,1
484,4,7
485,0,7
486,8,7
487,9,7
488,9,7
489,1,7
490,0,7
491,5,7
492,2,7
493,3,7
494,7,7
495,8,7
496,9,7
497,4,7
498,0,7
499,6,7
500,3,7
501,9,7
502,5,7
503,2,7
504,1,6
505,3,7
506,1,7
507,3,3
508,6,7
509,5,7
510,7,7
511,4,5
512,2,2
513,2,7
514,6,7
515,3,7
516,2,4
517,6,7
518,5,7
519,4,7
520,8,7
521,9,7
522,7,9
523,1,1
524,3,7
525,0,7
526,3,7
527,8,7
528,3,7
529,1,2
530,9,7
531,3,7
532,4,7
533,4,7
534,6,7
535,4,7
536,2,9
537,1,7
538,8,7
539,2,7
540,5,7
541,4,7
542,8,4
543,8,9
544,4,3
545,0,7
546,0,0
547,2,1
548,3,2
549,2,7
550,7,7
551,7,7
552,0,7
553,8,7
554,7,7
555,4,7
556,4,7
557,7,7
558,9,7
559,6,7
560,9,7
561,0,7
562,9,7
563,8,7
564,0,7
565,4,2
566,6,7
567,0,7
568,6,8
569,3,7
570,5,7
571,4,7
572,8,7
573,3,5
574,3,7
575,9,3
576,3,7
577,3,7
578,3,7
579,7,7
580,8,7
581,0,7
582,8,7
583,2,7
584,1,1
585,7,0
586,0,1
587,6,8
588,5,7
589,4,7
590,3,7
591,8,7
592,0,7
593,9,7
594,6,1
595,3,7
596,8,7
597,0,7
598,9,7
599,9,9
600,6,7
601,8,7
602,6,7
603,8,7
604,5,7
605,7,7
606,8,7
607,6,7
608,0,7
609,2,7
610,4,7
611,0,7
612,2,7
613,2,7
614,3,7
615,1,7
616,9,7
617,7,7
618,5,7
619,1,3
620,0,7
621,8,7
622,4,7
623,6,7
624,2,7
625,6,7
626,7,2
627,9,6
628,3,7
629,2,6
630,9,7
631,8,7
632,2,7
633,2,7
634,9,7
635,2,7
636,7,7
637,3,7
638,5,7
639,9,6
640,1,1
641,8,7
642,0,7
643,2,7
644,0,7
645,5,7
646,2,3
647,1,1
648,3,2
649,7,7
650,6,7
651,7,1
652,1,1
653,2,7
654,5,7
655,8,7
656,0,7
657,3,7
658,7,7
659,2,1
660,4,1
661,0,7
662,9,7
663,1,1
664,8,7
665,6,7
666,7,3
667,7,1
668,4,7
669,3,7
670,4,1
671,9,7
672,1,7
673,9,7
674,5,7
675,1,7
676,7,7
677,3,7
678,9,2
679,7,7
680,6,7
681,9,7
682,1,7
683,3,7
684,7,7
685,8,2
686,3,7
687,3,7
688,6,7
689,7,3
690,2,7
691,8,8
692,5,2
693,8,7
694,5,7
695,1,1
696,1,1
697,4,7
698,4,7
699,3,7
700,1,7
701,0,7
702,7,6
703,7,1
704,0,7
705,7,7
706,9,7
707,4,7
708,4,7
709,8,7
710,5,7
711,5,7
712,4,7
713,0,3
714,8,7
715,2,7
716,1,7
717,0,7
718,8,7
719,4,7
720,5,2
721,0,7
722,4,7
723,0,7
724,6,7
725,1,7
726,7,7
727,3,7
728,2,2
729,6,7
730,7,7
731,2,7
732,6,7
733,9,7
734,3,7
735,1,7
736,4,7
737,6,7
738,2,7
739,5,7
740,4,4
741,2,7
742,0,7
743,6,7
744,2,7
745,1,7
746,7,1
747,3,7
748,4,7
749,1,7
750,0,7
751,5,7
752,4,7
753,3,7
754,1,1
755,1,1
756,7,7
757,4,7
758,9,7
759,9,6
760,4,7
761,8,7
762,4,7
763,0,7
764,2,7
765,4,2
766,5,7
767,1,7
768,1,7
769,6,7
770,4,7
771,7,7
772,1,1
773,9,7
774,4,5
775,2,7
776,4,7
777,1,7
778,5,7
779,5,7
780,3,7
781,8,7
782,3,7
783,1,1
784,4,7
785,5,5
786,6,7
787,8,7
788,9,7
789,4,7
790,1,7
791,5,7
792,3,7
793,8,7
794,0,7
795,3,7
796,2,7
797,5,7
798,1,7
799,2,6
800,8,2
801,3,7
802,4,7
803,4,7
804,0,7
805,8,7
806,8,7
807,3,7
808,3,7
809,1,2
810,7,7
811,3,7
812,5,7
813,9,7
814,6,2
815,3,7
816,2,7
817,6,7
818,1,7
819,3,7
820,6,7
821,0,7
822,7,7
823,2,7
824,1,7
825,7,9
826,1,1
827,4,4
828,2,7
829,4,7
830,2,3
831,1,7
832,7,7
833,9,7
834,6,7
835,1,7
836,1,1
837,2,7
838,4,7
839,8,7
840,1,7
841,7,7
842,7,1
843,4,7
844,8,3
845,0,7
846,7,7
847,3,7
848,1,7
849,3,7
850,1,7
851,0,7
852,7,2
853,7,7
854,0,7
855,3,7
856,5,7
857,5,7
858,2,7
859,7,0
860,6,7
861,6,7
862,9,7
863,2,7
864,8,9
865,3,6
866,5,7
867,2,7
868,2,3
869,5,7
870,6,7
871,0,7
872,8,7
873,2,4
874,9,8
875,2,7
876,8,7
877,8,7
878,8,7
879,8,7
880,7,7
881,4,3
882,9,4
883,3,4
884,0,7
885,6,7
886,6,7
887,3,7
888,2,7
889,1,9
890,3,7
891,2,7
892,2,7
893,9,7
894,3,7
895,0,7
896,0,7
897,5,7
898,7,7
899,8,7
900,1,7
901,4,7
902,4,7
903,6,7
904,0,7
905,2,7
906,9,7
907,1,1
908,4,3
909,7,1
910,4,7
911,7,1
912,3,7
913,9,7
914,8,7
915,8,7
916,4,7
917,7,7
918,1,1
919,2,3
920,1,1
921,2,7
922,2,7
923,3,7
924,2,7
925,3,7
926,2,7
927,3,7
928,9,9
929,1,1
930,7,7
931,4,3
932,0,7
933,3,4
934,5,7
935,5,7
936,8,7
937,6,7
938,3,7
939,2,7
940,6,7
941,7,7
942,6,6
943,6,7
944,3,8
945,2,2
946,7,7
947,8,9
948,1,1
949,1,7
950,7,7
951,5,9
952,6,7
953,4,7
954,9,7
955,5,7
956,1,7
957,3,7
958,3,2
959,4,4
960,7,7
961,8,7
962,9,6
963,1,1
964,1,1
965,6,7
966,9,7
967,1,1
968,4,7
969,4,1
970,5,7
971,4,7
972,0,7
973,6,7
974,2,7
975,2,2
976,3,7
977,1,7
978,5,7
979,1,6
980,2,7
981,0,7
982,3,7
983,8,7
984,1,1
985,2,7
986,6,7
987,7,1
988,1,1
989,6,7
990,2,7
991,3,7
992,9,7
993,0,7
994,1,3
995,2,7
996,2,7
997,0,7
998,8,7
999,9,7
1000,9,7
1001,0,7
1002,2,7
1003,5,5
1004,1,7
1005,9,7
1006,7,2
1007,8,2
1008,1,3
1009,0,7
1010,4,7
1011,1,6
1012,7,7
1013,9,7
1014,6,7
1015,4,6
1016,2,7
1017,6,7
1018,8,7
1019,1,7
1020,3,7
1021,7,7
1022,5,8
1023,4,7
1024,4,3
1025,1,7
1026,8,7
1027,1,7
1028,3,7
1029,8,7
1030,1,7
1031,2,6
1032,5,7
1033,8,7
1034,0,7
1035,6,7
1036,2,7
1037,1,1
1038,1,1
1039,7,4
1040,1,1
1041,5,7
1042,3,7
1043,4,7
1044,6,7
1045,9,2
1046,5,7
1047,0,7
1048,9,7
1049,2,7
1050,2,1
1051,4,7
1052,8,7
1053,2,7
1054,1,7
1055,7,3
1056,2,7
1057,4,7
1058,9,7
1059,4,7
1060,4,7
1061,0,7
1062,3,7
1063,9,7
1064,2,7
1065,2,7
1066,3,7
1067,3,7
1068,8,7
1069,3,7
1070,5,2
1071,7,7
1072,3,7
1073,5,7
1074,8,7
1075,1,1
1076,2,7
1077,4,7
1078,4,7
1079,6,7
1080,4,4
1081,9,7
1082,5,3
1083,1,9
1084,0,7
1085,6,7
1086,9,7
1087,5,6
1088,9,7
1089,5,7
1090,9,7
1091,7,7
1092,3,7
1093,8,7
1094,0,7
1095,3,9
1096,7,7
1097,1,7
1098,3,1
1099,6,7
1100,7,7
1101,8,7
1102,5,7
1103,9,7
1104,7,2
1105,9,7
1106,6,7
1107,9,7
1108,6,7
1109,3,7
1110,7,7
1111,4,7
1112,4,7
1113,5,7
1114,3,7
1115,5,7
1116,4,7
1117,7,7
1118,8,7
1119,7,7
1120,8,7
1121,0,3
1122,7,7
1123,6,7
1124,8,9
1125,8,1
1126,7,7
1127,3,7
1128,3,7
1129,1,8
1130,9,7
1131,5,7
1132,2,7
1133,7,7
1134,3,7
1135,5,2
1136,1,7
1137,1,1
1138,2,7
1139,1,3
1140,4,1
1141,7,7
1142,4,7
1143,7,7
1144,5,7
1145,4,7
1146,5,7
1147,4,7
1148,0,7
1149,8,7
1150,3,7
1151,6,7
1152,9,7
1153,6,7
1154,0,7
1155,2,1
1156,7,7
1157,4,7
1158,4,7
1159,4,7
1160,4,7
1161,6,7
1162,6,7
1163,4,2
1164,7,7
1165,9,7
1166,3,7
1167,4,7
1168,5,3
1169,5,7
1170,8,7
1171,7,7
1172,3,2
1173,7,7
1174,2,7
1175,7,7
1176,0,7
1177,2,7
1178,4,7
1179,1,7
1180,1,7
1181,6,7
1182,6,7
1183,9,7
1184,2,7
1185,8,7
1186,7,7
1187,2,7
1188,0,7
1189,1,1
1190,5,7
1191,0,7
1192,9,8
1193,1,2
1194,7,7
1195,0,7
1196,6,7
1197,0,7
1198,8,7
1199,6,7
1200,8,7
1201,1,7
1202,8,7
1203,0,7
1204,3,7
1205,3,2
1206,7,7
1207,2,4
1208,3,7
1209,6,3
1210,2,7
1211,1,7
1212,6,7
1213,1,9
1214,1,7
1215,3,8
1216,7,7
1217,9,7
1218,0,7
1219,8,7
1220,0,7
1221,5,7
1222,4,7
1223,0,7
1224,2,7
1225,8,7
1226,7,7
1227,2,7
1228,9,7
1229,8,7
1230,4,7
1231,0,7
1232,9,7
1233,5,7
1234,8,2
1235,5,7
1236,1,1
1237,2,7
1238,1,2
1239,3,7
1240,1,7
1241,7,7
1242,4,8
1243,5,7
1244,7,8
1245,2,7
1246,0,7
1247,9,7
1248,8,7
1249,8,7
1250,6,7
1251,2,4
1252,5,7
1253,4,7
1254,1,7
1255,9,7
1256,2,7
1257,1,7
1258,5,7
1259,8,7
1260,7,7
1261,0,7
1262,2,7
1263,4,7
1264,4,0
1265,3,4
1266,6,7
1267,8,2
1268,8,7
1269,2,0
1270,4,7
1271,0,7
1272,5,5
1273,0,7
1274,4,6
1275,4,2
1276,7,7
1277,9,7
1278,3,7
1279,4,7
1280,1,3
1281,5,7
1282,9,7
1283,7,7
1284,3,7
1285,5,7
1286,8,7
1287,8,7
1288,0,7
1289,5,7
1290,3,7
1291,3,7
1292,6,3
1293,6,7
1294,0,7
1295,1,1
1296,6,7
1297,0,7
1298,3,3
1299,5,7
1300,4,6
1301,4,7
1302,1,1
1303,2,7
1304,9,7
1305,1,7
1306,4,4
1307,6,7
1308,9,7
1309,9,7
1310,3,7
1311,9,0
1312,8,7
1313,4,7
1314,4,7
1315,3,7
1316,1,1
1317,3,7
1318,1,7
1319,8,6
1320,8,3
1321,7,9
1322,9,6
1323,4,7
1324,8,7
1325,8,7
1326,7,7
1327,9,7
1328,7,7
1329,1,2
1330,4,9
1331,5,7
1332,6,7
1333,0,7
1334,5,7
1335,2,7
1336,2,7
1337,2,7
1338,1,9
1339,5,7
1340,5,7
1341,2,7
1342,4,7
1343,9,9
1344,6,7
1345,2,7
1346,7,7
1347,7,7
1348,2,7
1349,2,7
1350,1,1
1351,1,7
1352,2,7
1353,8,7
1354,3,7
1355,7,7
1356,2,4
1357,4,7
1358,1,1
1359,7,7
1360,1,1
1361,7,3
1362,6,7
1363,7,7
1364,8,6
1365,2,7
1366,7,7
1367,3,7
1368,1,1
1369,7,7
1370,5,7
1371,8,7
1372,2,7
1373,6,7
1374,2,7
1375,2,7
1376,5,7
1377,6,7
1378,5,7
1379,0,7
1380,9,7
1381,2,7
1382,4,7
1383,3,7
1384,3,2
1385,9,7
1386,7,7
1387,6,7
1388,6,7
1389,8,2
1390,0,7
1391,4,7
1392,1,7
1393,5,1
1394,8,7
1395,2,7
1396,9,7
1397,1,1
1398,8,7
1399,0,7
1400,6,7
1401,7,3
1402,2,3
1403,1,7
1404,0,7
1405,5,7
1406,5,7
1407,2,7
1408,0,7
1409,2,6
1410,2,7
1411,0,7
1412,2,7
1413,4,1
1414,9,7
1415,8,7
1416,0,7
1417,9,9
1418,9,8
1419,4,7
1420,6,7
1421,5,7
1422,4,7
1423,9,7
1424,1,2
1425,8,7
1426,3,7
1427,4,3
1428,9,7
1429,9,7
1430,1,6
1431,2,7
1432,2,7
1433,8,7
1434,1,7
1435,9,7
1436,6,7
1437,4,7
1438,0,7
1439,9,7
1440,4,7
1441,8,7
1442,3,7
1443,8,7
1444,6,7
1445,0,7
1446,2,7
1447,5,7
1448,1,1
1449,9,7
1450,6,7
1451,2,2
1452,9,7
1453,4,1
1454,0,7
1455,9,7
1456,6,7
1457,0,7
1458,6,7
1459,2,7
1460,5,4
1461,4,7
1462,2,7
1463,3,7
1464,8,7
1465,4,7
1466,5,1
1467,5,7
1468,0,7
1469,3,7
1470,8,7
1471,5,7
1472,3,4
1473,5,7
1474,8,7
1475,6,7
1476,5,7
1477,7,7
1478,6,7
1479,3,7
1480,3,7
1481,9,4
1482,6,3
1483,1,1
1484,1,1
1485,2,7
1486,9,7
1487,0,7
1488,4,7
1489,3,7
1490,3,7
1491,6,7
1492,9,7
1493,5,7
1494,7,7
1495,3,6
1496,7,7
1497,7,7
1498,7,7
1499,8,7
1500,7,7
1501,9,2
1502,8,4
1503,3,3
1504,0,7
1505,7,8
1506,2,7
1507,7,2
1508,9,7
1509,4,7
1510,5,7
1511,4,7
1512,9,7
1513,3,4
1514,2,7
1515,1,7
1516,4,7
1517,0,7
1518,2,7
1519,3,7
1520,7,2
1521,5,7
1522,7,1
1523,8,0
1524,8,7
1525,5,7
1526,0,7
1527,1,7
1528,1,7
1529,4,7
1530,8,7
1531,3,7
1532,9,7
1533,0,7
1534,0,7
1535,0,7
1536,6,7
1537,6,7
1538,2,7
1539,3,9
1540,7,3
1541,8,7
1542,4,0
1543,7,7
1544,7,7
1545,9,7
1546,2,7
1547,4,7
1548,1,1
1549,4,7
1550,5,2
1551,2,7
1552,4,1
1553,9,7
1554,9,7
1555,1,7
1556,8,7
1557,4,7
1558,0,3
1559,9,7
1560,8,7
1561,4,7
1562,8,7
1563,7,7
1564,7,2
1565,0,7
1566,7,7
1567,8,7
1568,8,7
1569,6,2
1570,0,7
1571,4,6
1572,8,7
1573,8,7
1574,2,7
1575,4,7
1576,7,7
1577,6,7
1578,6,7
1579,6,7
1580,4,3
1581,7,2
1582,1,2
1583,8,7
1584,8,7
1585,2,7
1586,3,4
1587,6,7
1588,3,7
1589,0,7
1590,0,7
1591,3,7
1592,7,7
1593,6,1
1594,9,7
1595,7,7
1596,9,0
1597,9,7
1598,5,7
1599,4,0
1600,3,7
1601,3,7
1602,6,7
1603,1,3
1604,2,7
1605,3,2
1606,7,7
1607,3,7
1608,3,2
1609,2,9
1610,0,7
1611,3,7
1612,3,7
1613,8,7
1614,4,7
1615,3,9
1616,6,7
1617,3,7
1618,5,7
1619,0,7
1620,2,7
1621,0,7
1622,9,7
1623,0,7
1624,7,7
1625,4,7
1626,6,7
1627,9,7
1628,3,8
1629,5,7
1630,1,1
1631,9,7
1632,6,7
1633,1,7
1634,4,7
1635,5,7
1636,4,7
1637,5,7
1638,0,7
1639,5,7
1640,9,7
1641,5,7
1642,2,7
1643,1,7
1644,2,7
1645,9,7
1646,1,7
1647,9,6
1648,9,7
1649,4,7
1650,0,7
1651,8,7
1652,4,7
1653,5,7
1654,2,8
1655,9,7
1656,2,7
1657,1,2
1658,2,3
1659,1,1
1660,7,1
1661,3,7
1662,6,7
1663,8,7
1664,8,2
1665,4,7
1666,9,4
1667,1,5
1668,9,7
1669,8,7
1670,5,7
1671,7,8
1672,5,7
1673,1,1
1674,1,7
1675,8,7
1676,6,7
1677,5,7
1678,2,7
1679,4,7
1680,4,7
1681,3,7
1682,2,7
1683,3,7
1684,5,7
1685,6,0
1686,8,7
1687,8,7
1688,6,7
1689,2,7
1690,3,7
1691,1,3
1692,0,7
1693,5,7
1694,8,7
1695,9,7
1696,2,7
1697,9,7
1698,6,7
1699,7,7
1700,0,7
1701,4,8
1702,8,7
1703,7,1
1704,1,1
1705,7,7
1706,4,7
1707,1,7
1708,0,7
1709,9,3
1710,7,7
1711,2,7
1712,0,7
1713,0,7
1714,9,7
1715,1,1
1716,7,7
1717,8,7
1718,7,7
1719,8,7
1720,4,7
1721,7,7
1722,2,4
1723,0,7
1724,4,7
1725,6,7
1726,0,7
1727,3,7
1728,1,1
1729,1,7
1730,3,2
1731,3,7
1732,9,7
1733,6,7
1734,7,7
1735,4,3
1736,1,7
1737,5,7
1738,3,7
1739,0,7
1740,8,7
1741,7,7
1742,3,7
1743,9,0
1744,6,6
1745,9,7
1746,3,7
1747,5,7
1748,0,7
1749,2,7
1750,7,8
1751,4,7
1752,5,3
1753,1,1
1754,7,7
1755,5,7
1756,8,3
1757,0,7
1758,8,7
1759,8,7
1760,1,7
1761,5,7
1762,0,7
1763,3,7
1764,0,3
1765,3,7
1766,1,7
1767,4,0
1768,0,7
1769,3,7
1770,7,2
1771,2,7
1772,7,5
1773,1,7
1774,8,7
1775,0,7
1776,7,7
1777,0,7
1778,4,6
1779,3,2
1780,1,1
1781,9,7
1782,8,7
1783,7,7
1784,7,2
1785,1,1
1786,4,7
1787,9,7
1788,9,7
1789,3,7
1790,2,7
1791,1,1
1792,7,7
1793,9,7
1794,0,7
1795,2,7
1796,0,7
1797,3,7
1798,3,7
1799,7,2
1800,6,7
1801,9,7
1802,2,7
1803,3,7
1804,3,7
1805,7,7
1806,7,7
1807,0,7
1808,0,7
1809,7,7
1810,5,7
1811,2,7
1812,9,7
1813,8,7
1814,7,7
1815,4,7
1816,4,6
1817,2,1
1818,6,7
1819,6,7
1820,1,7
1821,9,7
1822,6,7
1823,8,7
1824,2,9
1825,9,8
1826,0,7
1827,8,7
1828,3,7
1829,1,1
1830,1,3
1831,6,7
1832,3,7
1833,5,7
1834,1,7
1835,1,7
1836,1,2
1837,3,3
1838,1,7
1839,2,7
1840,3,7
1841,0,7
1842,2,7
1843,0,7
1844,1,7
1845,3,7
1846,5,7
1847,5,7
1848,7,7
1849,4,1
1850,8,7
1851,9,2
1852,6,7
1853,9,7
1854,6,7
1855,8,8
1856,3,7
1857,6,7
1858,6,7
1859,8,7
1860,5,7
1861,1,5
1862,4,4
1863,2,7
1864,4,2
1865,4,7
1866,5,7
1867,1,1
1868,1,7
1869,9,7
1870,0,7
1871,2,7
1872,4,7
1873,9,7
1874,5,4
1875,7,7
1876,1,1
1877,8,7
1878,8,7
1879,5,7
1880,6,7
1881,9,7
1882,8,7
1883,7,7
1884,1,1
1885,1,7
1886,6,7
1887,7,7
1888,6,7
1889,3,7
1890,2,7
1891,2,7
1892,0,7
1893,8,7
1894,9,7
1895,2,7
1896,5,7
1897,1,6
1898,0,7
1899,8,7
1900,1,7
1901,9,2
1902,5,7
1903,7,7
1904,9,7
1905,6,2
1906,9,7
1907,0,7
1908,6,2
1909,1,8
1910,5,7
1911,5,7
1912,8,2
1913,3,7
1914,8,7
1915,2,7
1916,6,7
1917,5,7
1918,0,7
1919,7,2
1920,4,7
1921,6,7
1922,1,7
1923,3,7
1924,4,7
1925,7,7
1926,3,7
1927,2,7
1928,3,7
1929,4,3
1930,2,7
1931,5,3
1932,2,7
1933,7,7
1934,1,1
1935,7,7
1936,2,7
1937,6,4
1938,4,1
1939,1,7
1940,5,7
1941,7,7
1942,8,7
1943,6,7
1944,0,7
1945,1,7
1946,8,4
1947,2,3
1948,5,7
1949,7,7
1950,7,7
1951,6,7
1952,9,7
1953,3,9
1954,5,7
1955,8,7
1956,4,7
1957,2,7
1958,4,7
1959,0,7
1960,8,7
1961,8,7
1962,3,7
1963,4,7
1964,9,7
1965,2,1
1966,7,3
1967,5,7
1968,8,7
1969,6,7
1970,5,7
1971,6,7
1972,0,7
1973,8,7
1974,6,7
1975,7,7
1976,3,7
1977,6,7
1978,4,7
1979,9,7
1980,4,7
1981,6,7
1982,6,7
1983,3,7
1984,2,7
1985,4,4
1986,1,1
1987,0,7
1988,1,7
1989,4,7
1990,6,7
1991,2,7
1992,9,7
1993,1,7
1994,1,1
1995,0,7
1996,6,7
1997,3,7
1998,9,3
1999,5,7
2000,6,3
2001,5,7
2002,6,7
2003,5,7
2004,8,2
2005,4,7
2006,6,7
2007,4,9
2008,3,7
2009,9,7
2010,1,7
2011,3,2
2012,4,7
2013,1,3
2014,9,1
2015,1,1
2016,7,7
2017,1,7
2018,1,2
2019,9,7
2020,3,7
2021,5,7
2022,4,7
2023,0,7
2024,7,1
2025,3,7
2026,6,7
2027,1,1
2028,7,7
2029,5,7
2030,5,7
2031,3,7
2032,3,3
2033,0,7
2034,1,1
2035,5,7
2036,7,9
2037,5,7
2038,8,7
2039,6,7
2040,5,7
2041,1,9
2042,0,7
2043,4,7
2044,2,2
2045,3,7
2046,4,1
2047,6,7
2048,7,7
2049,9,7
2050,8,7
2051,1,7
2052,8,7
2053,4,7
2054,9,7
2055,2,6
2056,8,7
2057,6,7
2058,2,7
2059,7,1
2060,0,7
2061,0,7
2062,6,7
2063,7,1
2064,5,7
2065,8,8
2066,6,7
2067,0,7
2068,9,7
2069,3,7
2070,7,7
2071,1,1
2072,3,7
2073,5,7
2074,4,7
2075,3,7
2076,3,7
2077,5,7
2078,5,7
2079,6,7
2080,3,7
2081,0,7
2082,2,1
2083,3,3
2084,4,7
2085,2,7
2086,3,7
2087,0,7
2088,9,7
2089,9,1
2090,4,6
2091,7,9
2092,2,7
2093,8,7
2094,4,7
2095,7,7
2096,0,7
2097,6,7
2098,2,7
2099,8,7
2100,5,7
2101,2,8
2102,8,7
2103,5,3
2104,7,7
2105,3,7
2106,0,7
2107,8,7
2108,2,7
2109,3,7
2110,2,4
2111,8,7
2112,2,7
2113,5,7
2114,5,7
2115,7,7
2116,6,7
2117,4,7
2118,6,7
2119,8,7
2120,4,7
2121,8,7
2122,2,7
2123,7,7
2124,4,7
2125,5,7
2126,2,7
2127,0,7
2128,3,7
2129,9,7
2130,4,7
2131,6,7
2132,7,1
2133,2,7
2134,5,7
2135,6,7
2136,1,3
2137,1,7
2138,2,7
2139,3,7
2140,6,7
2141,7,7
2142,8,7
2143,7,7
2144,6,7
2145,4,7
2146,8,7
2147,9,7
2148,4,7
2149,8,2
2150,6,2
2151,3,7
2152,8,7
2153,3,7
2154,1,7
2155,0,7
2156,6,2
2157,2,7
2158,2,7
2159,5,7
2160,6,7
2161,9,7
2162,5,7
2163,8,7
2164,1,7
2165,4,7
2166,1,1
2167,7,7
2168,8,7
2169,4,7
2170,6,7
2171,1,1
2172,8,7
2173,4,7
2174,3,7
2175,1,2
2176,2,7
2177,8,7
2178,0,7
2179,8,7
2180,5,7
2181,9,7
2182,1,7
2183,4,7
2184,2,7
2185,0,1
2186,2,7
2187,7,7
2188,0,7
2189,9,7
2190,0,7
2191,2,7
2192,5,2
2193,7,7
2194,6,9
2195,7,7
2196,9,7
2197,4,7
2198,2,7
2199,6,7
2200,2,4
2201,4,7
2202,4,7
2203,8,7
2204,0,7
2205,4,7
2206,4,7
2207,5,7
2208,8,7
2209,0,7
2210,6,7
2211,8,7
2212,9,2
2213,8,7
2214,5,7
2215,6,7
2216,9,7
2217,0,7
2218,4,7
2219,8,7
2220,7,7
2221,1,7
2222,3,7
2223,4,7
2224,5,7
2225,8,7
2226,0,7
2227,9,8
2228,1,1
2229,3,7
2230,3,7
2231,6,7
2232,9,7
2233,8,7
2234,7,7
2235,1,7
2236,0,7
2237,5,7
2238,7,7
2239,1,1
2240,7,1
2241,5,7
2242,2,7
2243,7,0
2244,9,7
2245,1,1
2246,8,7
2247,5,7
2248,2,0
2249,4,7
2250,9,7
2251,4,7
2252,7,2
2253,2,7
2254,2,7
2255,3,7
2256,4,7
2257,9,7
2258,1,7
2259,9,7
2260,2,7
2261,1,7
2262,7,0
2263,9,7
2264,4,7
2265,4,7
2266,1,7
2267,6,7
2268,7,7
2269,2,7
2270,7,7
2271,8,7
2272,8,7
2273,1,3
2274,9,7
2275,7,7
2276,1,1
2277,1,1
2278,7,7
2279,5,7
2280,3,7
2281,3,7
2282,5,7
2283,1,3
2284,3,7
2285,7,7
2286,6,7
2287,1,1
2288,3,7
2289,8,2
2290,7,8
2291,5,7
2292,9,7
2293,9,7
2294,0,7
2295,0,7
2296,2,7
2297,8,7
2298,8,7
2299,2,7
2300,3,2
2301,7,7
2302,1,7
2303,3,7
2304,0,7
2305,3,7
2306,4,7
2307,4,7
2308,3,1
2309,8,7
2310,9,7
2311,2,7
2312,3,7
2313,9,7
2314,7,7
2315,1,6
2316,1,7
2317,7,0
2318,0,7
2319,4,7
2320,9,0
2321,6,7
2322,5,7
2323,9,7
2324,1,1
2325,7,8
2326,0,7
2327,2,7
2328,0,7
2329,0,7
2330,4,7
2331,6,9
2332,7,7
2333,0,7
2334,7,7
2335,1,1
2336,4,7
2337,6,7
2338,4,7
2339,5,3
2340,4,8
2341,9,7
2342,9,7
2343,1,7
2344,7,7
2345,9,4
2346,5,7
2347,3,5
2348,3,7
2349,8,7
2350,2,7
2351,3,7
2352,6,7
2353,2,7
2354,2,7
2355,1,7
2356,1,9
2357,1,1
2358,1,0
2359,1,7
2360,6,7
2361,9,7
2362,8,7
2363,4,7
2364,3,7
2365,7,7
2366,1,7
2367,6,7
2368,4,3
2369,5,7
2370,0,7
2371,4,7
2372,7,3
2373,4,7
2374,2,7
2375,4,7
2376,0,7
2377,7,7
2378,0,7
2379,1,7
2380,9,7
2381,8,8
2382,8,7
2383,6,7
2384,0,7
2385,0,7
2386,4,0
2387,9,2
2388,6,6
2389,8,7
2390,2,7
2391,2,7
2392,3,7
2393,8,7
2394,4,7
2395,8,7
2396,2,7
2397,2,7
2398,1,7
2399,7,7
2400,5,7
2401,4,7
2402,4,4
2403,0,7
2404,4,7
2405,3,7
2406,9,7
2407,7,7
2408,3,7
2409,1,7
2410,0,7
2411,1,1
2412,2,2
2413,5,7
2414,9,7
2415,2,7
2416,1,7
2417,0,7
2418,1,7
2419,8,7
2420,9,3
2421,1,9
2422,6,7
2423,8,7
2424,3,7
2425,8,7
2426,9,7
2427,3,7
2428,6,7
2429,2,7
2430,8,7
2431,3,7
2432,2,7
2433,2,3
2434,1,9
2435,0,7
2436,4,9
2437,2,7
2438,9,2
2439,2,1
2440,4,7
2441,3,4
2442,7,7
2443,9,7
2444,1,7
2445,5,3
2446,2,7
2447,4,7
2448,9,2
2449,0,7
2450,3,7
2451,8,7
2452,5,7
2453,3,7
2454,6,7
2455,0,7
2456,9,7
2457,4,7
2458,6,7
2459,2,7
2460,5,7
2461,0,7
2462,2,7
2463,7,7
2464,4,7
2465,6,7
2466,6,6
2467,8,2
2468,6,7
2469,6,7
2470,8,7
2471,6,7
2472,9,7
2473,1,7
2474,7,7
2475,2,7
2476,5,7
2477,9,7
2478,9,7
2479,0,7
2480,7,7
2481,2,7
2482,7,7
2483,6,7
2484,7,7
2485,0,7
2486,6,7
2487,5,7
2488,2,3
2489,4,7
2490,7,7
2491,2,2
2492,0,7
2493,9,7
2494,9,7
2495,2,7
2496,2,7
2497,9,7
2498,4,7
2499,4,7
2500,2,2
2501,3,7
2502,3,7
2503,2,7
2504,1,3
2505,7,7
2506,0,7
2507,7,7
2508,6,7
2509,4,2
2510,1,7
2511,3,2
2512,8,7
2513,7,7
2514,4,7
2515,5,7
2516,9,7
2517,2,7
2518,5,7
2519,1,1
2520,8,2
2521,7,7
2522,3,7
2523,7,7
2524,1,7
2525,5,7
2526,5,7
2527,0,7
2528,9,7
2529,1,1
2530,4,3
2531,0,7
2532,6,1
2533,3,7
2534,3,7
2535,6,7
2536,0,7
2537,4,7
2538,9,7
2539,7,4
2540,5,7
2541,1,1
2542,6,7
2543,8,7
2544,9,2
2545,5,7
2546,5,7
2547,7,0
2548,9,7
2549,3,7
2550,8,7
2551,3,7
2552,8,7
2553,1,6
2554,5,7
2555,3,8
2556,5,7
2557,0,7
2558,5,7
2559,5,7
2560,3,7
2561,8,7
2562,6,7
2563,7,7
2564,7,7
2565,7,7
2566,3,7
2567,7,7
2568,0,7
2569,5,7
2570,9,7
2571,0,7
2572,2,7
2573,5,3
2574,5,7
2575,3,7
2576,1,1
2577,7,7
2578,7,7
2579,8,7
2580,6,7
2581,5,7
2582,9,7
2583,3,2
2584,8,7
2585,9,7
2586,5,7
2587,3,7
2588,7,7
2589,9,7
2590,1,7
2591,7,7
2592,0,7
2593,0,7
2594,3,7
2595,7,7
2596,2,7
2597,5,7
2598,8,7
2599,1,7
2600,8,7
2601,6,7
2602,2,7
2603,9,7
2604,5,7
2605,7,8
2606,5,7
2607,7,6
2608,8,7
2609,6,7
2610,2,7
2611,5,7
2612,1,7
2613,4,7
2614,8,7
2615,4,7
2616,5,7
2617,8,2
2618,3,7
2619,0,7
2620,6,7
2621,2,7
2622,7,7
2623,3,1
2624,3,7
2625,2,7
2626,1,3
2627,0,7
2628,7,2
2629,3,7
2630,4,7
2631,0,7
2632,3,7
2633,9,7
2634,3,7
2635,2,7
2636,8,7
2637,9,7
2638,0,7
2639,3,7
2640,8,7
2641,0,7
2642,7,7
2643,6,7
2644,5,7
2645,4,7
2646,7,2
2647,3,7
2648,9,7
2649,0,7
2650,8,3
2651,6,7
2652,2,7
2653,5,7
2654,6,1
2655,1,4
2656,0,7
2657,0,7
2658,4,7
2659,4,7
2660,0,7
2661,1,7
2662,2,7
2663,3,7
2664,2,7
2665,7,7
2666,7,7
2667,8,6
2668,5,7
2669,2,7
2670,5,7
2671,7,7
2672,6,3
2673,9,7
2674,1,0
2675,4,0
2676,1,3
2677,6,7
2678,4,7
2679,2,9
2680,4,7
2681,3,1
2682,5,7
2683,4,7
2684,3,7
2685,9,8
2686,5,7
2687,0,7
2688,1,9
2689,5,0
2690,3,7
2691,8,7
2692,9,7
2693,1,7
2694,9,6
2695,7,7
2696,9,7
2697,5,7
2698,5,7
2699,2,7
2700,7,7
2701,4,7
2702,6,7
2703,0,7
2704,1,1
2705,1,3
2706,1,1
2707,0,7
2708,4,4
2709,4,7
2710,7,7
2711,6,7
2712,3,7
2713,0,7
2714,0,7
2715,4,7
2716,3,7
2717,0,7
2718,6,7
2719,1,7
2720,9,7
2721,6,7
2722,1,1
2723,3,7
2724,8,7
2725,1,7
2726,2,7
2727,5,7
2728,6,7
2729,2,7
2730,7,7
2731,3,7
2732,6,7
2733,0,7
2734,1,7
2735,9,7
2736,7,7
2737,6,7
2738,6,1
2739,8,7
2740,9,7
2741,2,7
2742,9,7
2743,5,7
2744,8,7
2745,3,7
2746,1,7
2747,0,7
2748,0,7
2749,7,7
2750,6,7
2751,6,7
2752,2,7
2753,1,7
2754,6,7
2755,9,7
2756,3,4
2757,1,1
2758,8,7
2759,6,7
2760,9,7
2761,0,7
2762,6,7
2763,0,7
2764,0,7
2765,0,7
2766,6,7
2767,3,7
2768,5,7
2769,9,7
2770,3,7
2771,4,7
2772,5,7
2773,5,7
2774,8,7
2775,5,7
2776,3,7
2777,0,7
2778,4,7
2779,0,7
2780,2,7
2781,9,7
2782,6,7
2783,8,7
2784,2,2
2785,3,1
2786,1,1
2787,2,7
2788,1,2
2789,1,7
2790,5,6
2791,6,7
2792,9,7
2793,8,3
2794,0,7
2795,6,7
2796,6,9
2797,5,7
2798,5,7
2799,3,2
2800,8,7
2801,6,7
2802,2,7
2803,1,7
2804,4,4
2805,5,7
2806,4,6
2807,3,7
2808,7,7
2809,8,9
2810,5,7
2811,0,7
2812,9,2
2813,3,7
2814,5,7
2815,1,3
2816,1,7
2817,0,7
2818,4,7
2819,4,7
2820,7,7
2821,0,7
2822,1,2
2823,7,7
2824,0,7
2825,1,7
2826,6,7
2827,1,1
2828,4,7
2829,5,7
2830,6,9
2831,6,7
2832,5,7
2833,7,7
2834,8,7
2835,4,7
2836,4,7
2837,7,7
2838,2,7
2839,5,7
2840,3,7
2841,7,1
2842,0,7
2843,7,7
2844,7,7
2845,9,7
2846,6,7
2847,4,7
2848,2,7
2849,8,7
2850,5,7
2851,7,0
2852,8,7
2853,3,7
2854,9,7
2855,5,7
2856,8,9
2857,9,0
2858,9,8
2859,8,7
2860,6,7
2861,2,7
2862,8,7
2863,9,7
2864,2,7
2865,3,7
2866,6,7
2867,1,7
2868,1,3
2869,8,7
2870,9,7
2871,3,4
2872,4,7
2873,0,7
2874,7,7
2875,9,7
2876,6,7
2877,4,7
2878,1,7
2879,4,6
2880,1,8
2881,3,4
2882,4,3
2883,9,7
2884,3,1
2885,1,1
2886,4,7
2887,7,7
2888,7,7
2889,4,7
2890,7,7
2891,2,7
2892,9,7
2893,3,7
2894,0,7
2895,8,7
2896,8,7
2897,8,7
2898,4,0
2899,0,7
2900,4,7
2901,4,3
2902,1,3
2903,5,7
2904,2,7
2905,8,7
2906,3,8
2907,4,7
2908,9,7
2909,5,7
2910,2,2
2911,8,7
2912,1,1
2913,5,3
2914,3,7
2915,7,3
2916,9,7
2917,4,0
2918,2,7
2919,5,6
2920,6,4
2921,3,2
2922,5,9
2923,9,7
2924,3,2
2925,5,7
2926,9,7
2927,3,2
2928,1,7
2929,9,9
2930,5,7
2931,3,7
2932,0,7
2933,6,4
2934,9,1
2935,8,7
2936,4,7
2937,0,7
2938,4,7
2939,9,7
2940,2,7
2941,9,7
2942,0,7
2943,1,2
2944,0,7
2945,3,6
2946,1,7
2947,6,7
2948,5,7
2949,8,7
2950,1,1
2951,5,7
2952,3,7
2953,3,7
2954,0,7
2955,3,7
2956,5,7
2957,5,7
2958,9,2
2959,2,7
2960,8,2
2961,7,7
2962,0,3
2963,4,6
2964,9,7
2965,1,1
2966,9,1
2967,7,7
2968,7,7
2969,5,7
2970,5,1
2971,2,7
2972,0,7
2973,9,7
2974,1,7
2975,8,7
2976,6,7
2977,2,7
2978,3,7
2979,9,2
2980,6,3
2981,2,2
2982,1,1
2983,9,7
2984,1,2
2985,3,8
2986,5,7
2987,5,3
2988,0,7
2989,3,7
2990,8,7
2991,3,7
2992,3,7
2993,7,1
2994,6,7
2995,6,7
2996,0,7
2997,1,1
2998,4,7
2999,0,7
3000,6,7
3001,9,0
3002,8,7
3003,1,5
3004,2,7
3005,9,7
3006,9,7
3007,5,4
3008,9,9
3009,7,3
3010,3,2
3011,7,7
3012,8,7
3013,0,7
3014,1,0
3015,3,7
3016,0,7
3017,4,7
3018,6,7
3019,1,3
3020,0,7
3021,2,7
3022,5,7
3023,8,7
3024,4,7
3025,4,7
3026,1,7
3027,1,7
3028,5,7
3029,4,7
3030,6,7
3031,6,7
3032,0,7
3033,6,7
3034,9,7
3035,2,4
3036,6,7
3037,2,2
3038,7,2
3039,1,1
3040,7,2
3041,9,7
3042,4,7
3043,0,7
3044,0,7
3045,3,7
3046,8,7
3047,2,7
3048,2,7
3049,3,7
3050,1,2
3051,6,7
3052,0,7
3053,5,7
3054,7,3
3055,7,7
3056,9,7
3057,2,7
3058,6,7
3059,7,7
3060,9,7
3061,7,2
3062,8,7
3063,6,9
3064,8,7
3065,8,7
3066,4,7
3067,6,7
3068,8,7
3069,4,0
3070,1,1
3071,2,7
3072,8,7
3073,1,7
3074,3,7
3075,9,7
3076,4,7
3077,0,7
3078,3,1
3079,7,7
3080,3,2
3081,2,7
3082,3,7
3083,3,7
3084,7,7
3085,3,7
3086,4,7
3087,0,7
3088,6,7
3089,2,7
3090,0,7
3091,8,7
3092,1,7
3093,5,7
3094,3,7
3095,5,7
3096,4,7
3097,1,1
3098,7,1
3099,1,7
3100,5,7
3101,7,7
3102,5,7
3103,7,1
3104,3,9
3105,2,9
3106,2,7
3107,7,7
3108,3,7
3109,7,8
3110,3,7
3111,7,1
3112,8,7
3113,5,7
3114,4,7
3115,5,7
3116,2,7
3117,5,7
3118,6,7
3119,5,7
3120,3,7
3121,6,7
3122,7,7
3123,4,6
3124,1,7
3125,7,7
3126,1,3
3127,5,7
3128,2,7
3129,3,7
3130,6,7
3131,3,3
3132,1,7
3133,4,8
3134,2,7
3135,6,7
3136,7,7
3137,4,7
3138,3,3
3139,8,7
3140,0,7
3141,6,7
3142,2,7
3143,1,1
3144,6,7
3145,5,7
3146,3,1
3147,9,7
3148,1,1
3149,9,0
3150,3,7
3151,2,7
3152,1,1
3153,8,7
3154,4,7
3155,4,7
3156,6,7
3157,5,7
3158,8,7
3159,6,7
3160,9,3
3161,7,7
3162,7,7
3163,8,7
3164,6,7
3165,9,9
3166,7,7
3167,3,7
3168,9,7
3169,4,7
3170,0,7
3171,5,7
3172,4,7
3173,6,8
3174,4,7
3175,1,5
3176,2,7
3177,3,7
3178,0,7
3179,0,7
3180,2,7
3181,6,7
3182,6,7
3183,5,7
3184,7,7
3185,0,7
3186,8,7
3187,6,7
3188,4,1
3189,7,3
3190,9,7
3191,0,7
3192,7,7
3193,3,7
3194,4,3
3195,2,7
3196,1,3
3197,8,7
3198,8,7
3199,5,7
3200,9,7
3201,2,7
3202,7,7
3203,1,3
3204,8,7
3205,8,7
3206,8,7
3207,2,7
3208,7,7
3209,6,7
3210,0,7
3211,1,7
3212,2,1
3213,7,3
3214,1,7
3215,0,7
3216,8,9
3217,3,7
3218,6,7
3219,0,7
3220,5,7
3221,3,7
3222,6,7
3223,2,2
3224,8,7
3225,7,7
3226,0,7
3227,1,2
3228,4,7
3229,2,7
3230,1,7
3231,1,1
3232,4,3
3233,4,7
3234,4,7
3235,4,3
3236,7,9
3237,1,7
3238,6,7
3239,2,7
3240,9,7
3241,9,2
3242,0,7
3243,0,4
3244,1,7
3245,8,7
3246,8,7
3247,4,2
3248,3,7
3249,4,7
3250,2,7
3251,0,7
3252,6,7
3253,1,4
3254,6,7
3255,1,7
3256,2,7
3257,2,7
3258,2,7
3259,1,7
3260,2,7
3261,3,7
3262,7,7
3263,8,7
3264,1,7
3265,0,7
3266,0,7
3267,2,7
3268,1,7
3269,6,7
3270,6,7
3271,0,7
3272,1,7
3273,6,7
3274,2,7
3275,5,7
3276,1,1
3277,7,7
3278,4,1
3279,8,7
3280,2,7
3281,1,1
3282,4,7
3283,3,7
3284,8,7
3285,3,7
3286,9,7
3287,9,7
3288,4,7
3289,8,7
3290,3,7
3291,4,8
3292,7,7
3293,2,7
3294,7,9
3295,5,7
3296,7,6
3297,0,7
3298,4,7
3299,3,1
3300,3,8
3301,2,7
3302,6,1
3303,7,7
3304,6,7
3305,0,7
3306,0,7
3307,6,7
3308,7,7
3309,7,3
3310,0,7
3311,5,7
3312,5,7
3313,8,7
3314,1,7
3315,0,7
3316,7,4
3317,0,7
3318,2,7
3319,8,7
3320,1,7
3321,5,7
3322,0,7
3323,8,7
3324,8,7
3325,0,7
3326,3,4
3327,2,7
3328,7,1
3329,7,7
3330,2,7
3331,6,7
3332,4,7
3333,7,7
3334,5,7
3335,5,4
3336,5,7
3337,2,7
3338,9,7
3339,2,7
3340,8,7
3341,4,7
3342,6,7
3343,8,7
3344,6,7
3345,5,7
3346,0,7
3347,0,7
3348,8,7
3349,7,2
3350,6,7
3351,1,8
3352,7,7
3353,1,7
3354,1,3
3355,2,7
3356,7,6
3357,4,7
3358,0,7
3359,0,7
3360,7,7
3361,7,7
3362,6,7
3363,3,7
3364,8,7
3365,6,1
3366,4,8
3367,2,7
3368,0,7
3369,9,2
3370,4,3
3371,0,7
3372,5,7
3373,7,9
3374,8,7
3375,2,7
3376,7,7
3377,4,7
3378,7,7
3379,1,1
3380,1,7
3381,3,7
3382,6,7
3383,6,7
3384,2,7
3385,9,7
3386,1,1
3387,9,7
3388,4,7
3389,8,7
3390,3,7
3391,6,7
3392,9,7
3393,5,7
3394,9,7
3395,6,7
3396,2,7
3397,4,7
3398,6,7
3399,7,7
3400,7,7
3401,0,7
3402,6,8
3403,6,3
3404,9,7
3405,4,7
3406,8,7
3407,3,7
3408,5,7
3409,3,7
3410,4,7
3411,9,7
3412,0,7
3413,0,7
3414,5,7
3415,2,1
3416,5,7
3417,0,7
3418,7,2
3419,1,1
3420,1,7
3421,1,1
3422,6,7
3423,7,7
3424,6,7
3425,7,1
3426,9,7
3427,6,7
3428,6,2
3429,4,7
3430,1,1
3431,4,7
3432,3,7
3433,1,7
3434,1,7
3435,2,2
3436,2,1
3437,4,7
3438,1,7
3439,0,7
3440,8,7
3441,7,7
3442,6,7
3443,3,7
3444,4,7
3445,0,7
3446,0,7
3447,6,7
3448,3,7
3449,3,4
3450,0,7
3451,7,7
3452,1,8
3453,7,7
3454,1,1
3455,1,2
3456,3,7
3457,1,8
3458,0,7
3459,9,7
3460,9,3
3461,7,7
3462,5,7
3463,4,7
3464,1,7
3465,4,7
3466,8,7
3467,9,7
3468,5,7
3469,3,7
3470,5,7
3471,1,7
3472,9,7
3473,8,7
3474,2,7
3475,3,3
3476,3,0
3477,9,7
3478,9,7
3479,0,7
3480,1,7
3481,0,7
3482,2,7
3483,9,7
3484,3,6
3485,9,7
3486,3,7
3487,3,7
3488,6,7
3489,2,7
3490,4,8
3491,9,3
3492,8,7
3493,3,7
3494,7,7
3495,4,7
3496,0,7
3497,4,9
3498,7,7
3499,8,7
3500,4,7
3501,9,7
3502,8,7
3503,9,7
3504,9,7
3505,7,7
3506,5,7
3507,9,7
3508,2,7
3509,8,7
3510,2,7
3511,2,7
3512,0,7
3513,2,7
3514,2,0
3515,3,7
3516,8,7
3517,4,7
3518,6,7
3519,8,7
3520,6,7
3521,8,2
3522,2,0
3523,4,7
3524,6,8
3525,7,7
3526,9,3
3527,3,7
3528,3,7
3529,9,7
3530,4,7
3531,3,7
3532,1,1
3533,4,1
3534,4,7
3535,7,7
3536,0,7
3537,5,7
3538,9,7
3539,6,7
3540,0,7
3541,4,7
3542,4,7
3543,4,7
3544,4,1
3545,6,7
3546,1,7
3547,2,7
3548,3,7
3549,3,7
3550,6,7
3551,4,7
3552,5,6
3553,9,2
3554,6,7
3555,8,7
3556,5,7
3557,6,7
3558,5,7
3559,8,4
3560,6,7
3561,4,7
3562,1,7
3563,8,7
3564,6,6
3565,5,7
3566,2,7
3567,8,4
3568,4,7
3569,5,7
3570,5,7
3571,4,7
3572,7,4
3573,7,7
3574,0,7
3575,7,7
3576,8,2
3577,2,2
3578,2,3
3579,3,7
3580,7,7
3581,0,7
3582,1,3
3583,8,7
3584,0,3
3585,7,7
3586,1,2
3587,9,7
3588,8,7
3589,7,7
3590,5,7
3591,5,7
3592,9,7
3593,1,7
3594,7,7
3595,5,7
3596,4,4
3597,9,0
3598,1,7
3599,2,8
3600,2,7
3601,1,7
3602,6,7
3603,6,7
3604,7,7
3605,1,7
3606,1,6
3607,4,1
3608,0,7
3609,7,1
3610,4,7
3611,2,7
3612,4,7
3613,0,7
3614,6,7
3615,4,7
3616,7,1
3617,6,6
3618,9,7
3619,5,7
3620,3,7
3621,4,7
3622,6,7
3623,5,1
3624,0,7
3625,1,1
3626,8,7
3627,8,7
3628,2,7
3629,8,7
3630,3,7
3631,5,7
3632,7,7
3633,8,7
3634,0,7
3635,8,7
3636,5,7
3637,7,7
3638,1,7
3639,1,7
3640,0,7
3641,1,1
3642,3,7
3643,7,8
3644,8,9
3645,5,7
3646,0,7
3647,7,7
3648,1,1
3649,1,1
3650,0,7
3651,1,1
3652,1,1
3653,4,7
3654,5,7
3655,2,0
3656,7,7
3657,6,7
3658,2,7
3659,3,2
3660,0,7
3661,2,7
3662,8,7
3663,5,7
3664,9,7
3665,6,7
3666,9,7
3667,7,7
3668,2,7
3669,1,1
3670,3,7
3671,6,7
3672,4,7
3673,1,1
3674,8,7
3675,2,7
3676,4,7
3677,0,7
3678,5,7
3679,1,3
3680,0,7
3681,2,7
3682,2,7
3683,6,7
3684,4,7
3685,4,7
3686,3,2
3687,9,7
3688,6,7
3689,1,7
3690,6,7
3691,5,7
3692,7,7
3693,9,2
3694,2,7
3695,0,7
3696,2,7
3697,6,7
3698,0,1
3699,1,1
3700,4,7
3701,3,7
3702,5,5
3703,2,7
3704,8,2
3705,8,7
3706,0,7
3707,8,7
3708,8,7
3709,9,7
3710,0,7
3711,9,7
3712,6,7
3713,7,7
3714,6,7
3715,3,7
3716,9,7
3717,3,7
3718,4,4
3719,7,7
3720,7,7
3721,7,7
3722,4,7
3723,9,7
3724,0,7
3725,6,7
3726,4,7
3727,8,7
3728,4,7
3729,2,7
3730,7,7
3731,2,7
3732,8,7
3733,1,7
3734,0,7
3735,0,7
3736,7,7
3737,8,7
3738,3,7
3739,3,7
3740,3,7
3741,1,1
3742,3,7
3743,7,7
3744,6,7
3745,1,1
3746,3,7
3747,1,1
3748,6,7
3749,6,7
3750,5,3
3751,7,2
3752,4,7
3753,7,7
3754,5,7
3755,9,7
3756,5,7
3757,8,7
3758,4,7
3759,9,7
3760,9,2
3761,1,1
3762,6,6
3763,5,8
3764,0,7
3765,1,1
3766,3,7
3767,7,7
3768,0,7
3769,3,7
3770,4,7
3771,8,7
3772,2,7
3773,2,7
3774,0,7
3775,2,7
3776,5,7
3777,1,1
3778,5,9
3779,1,1
3780,4,3
3781,8,8
3782,8,7
3783,9,7
3784,1,2
3785,2,7
3786,1,1
3787,3,2
3788,5,7
3789,1,7
3790,0,7
3791,9,7
3792,4,7
3793,4,7
3794,8,7
3795,3,7
3796,2,7
3797,5,7
3798,9,7
3799,7,7
3800,6,7
3801,6,7
3802,2,7
3803,0,7
3804,0,7
3805,0,7
3806,5,7
3807,8,7
3808,7,7
3809,1,7
3810,5,7
3811,2,7
3812,3,7
3813,8,7
3814,5,7
3815,1,2
3816,8,7
3817,2,7
3818,0,7
3819,4,7
3820,9,7
3821,9,7
3822,6,7
3823,2,7
3824,3,7
3825,3,2
3826,5,7
3827,6,7
3828,4,7
3829,8,7
3830,0,7
3831,9,7
3832,2,7
3833,8,7
3834,3,7
3835,6,7
3836,7,7
3837,5,7
3838,7,7
3839,2,7
3840,9,7
3841,4,7
3842,9,7
3843,1,2
3844,2,7
3845,8,7
3846,6,3
3847,0,7
3848,7,7
3849,0,7
3850,9,7
3851,1,1
3852,1,7
3853,6,7
3854,7,7
3855,5,7
3856,9,7
3857,9,0
3858,1,7
3859,9,0
3860,5,7
3861,9,7
3862,2,7
3863,5,7
3864,0,6
3865,4,2
3866,1,1
3867,0,7
3868,8,7
3869,9,7
3870,0,7
3871,8,7
3872,9,7
3873,8,7
3874,9,7
3875,4,7
3876,2,7
3877,5,7
3878,7,1
3879,9,7
3880,8,7
3881,9,1
3882,8,7
3883,0,7
3884,9,7
3885,9,7
3886,6,7
3887,8,7
3888,9,7
3889,9,7
3890,5,7
3891,9,7
3892,8,7
3893,5,7
3894,1,7
3895,0,7
3896,3,7
3897,3,7
3898,5,7
3899,2,7
3900,1,1
3901,6,7
3902,5,7
3903,0,7
3904,2,7
3905,8,6
3906,1,7
3907,5,7
3908,6,7
3909,2,7
3910,3,7
3911,0,7
3912,2,7
3913,2,7
3914,6,7
3915,4,7
3916,3,7
3917,5,7
3918,5,4
3919,1,7
3920,7,0
3921,2,7
3922,1,7
3923,6,7
3924,9,7
3925,1,7
3926,9,7
3927,9,7
3928,5,7
3929,5,7
3930,1,1
3931,6,7
3932,2,7
3933,2,7
3934,8,7
3935,6,8
3936,7,7
3937,1,1
3938,4,2
3939,6,7
3940,0,7
3941,4,7
3942,0,7
3943,3,2
3944,3,7
3945,2,7
3946,2,7
3947,3,7
3948,6,7
3949,8,7
3950,9,7
3951,8,7
3952,5,7
3953,3,2
3954,8,7
3955,5,7
3956,4,7
3957,5,7
3958,2,7
3959,0,7
3960,5,7
3961,6,7
3962,3,9
3963,2,2
3964,8,7
3965,3,7
3966,9,1
3967,9,6
3968,5,0
3969,7,3
3970,9,7
3971,4,7
3972,6,7
3973,7,7
3974,1,2
3975,3,7
3976,7,1
3977,3,7
3978,6,7
3979,6,7
3980,0,7
3981,9,7
3982,0,7
3983,1,7
3984,9,2
3985,9,8
3986,2,7
3987,8,7
3988,8,7
3989,0,7
3990,1,5
3991,6,7
3992,9,9
3993,7,7
3994,5,7
3995,3,7
3996,4,7
3997,7,2
3998,4,7
3999,9,7
4000,9,9
4001,4,7
4002,3,7
4003,6,7
4004,3,7
4005,1,1
4006,1,7
4007,7,7
4008,6,7
4009,9,1
4010,1,1
4011,8,7
4012,4,7
4013,1,7
4014,1,1
4015,9,7
4016,9,7
4017,4,7
4018,3,7
4019,6,7
4020,8,7
4021,1,1
4022,6,7
4023,0,7
4024,4,7
4025,1,1
4026,3,7
4027,7,6
4028,7,7
4029,4,7
4030,9,7
4031,5,7
4032,1,1
4033,0,7
4034,0,7
4035,1,9
4036,1,1
4037,6,7
4038,2,7
4039,1,7
4040,9,7
4041,8,0
4042,4,7
4043,0,7
4044,3,7
4045,6,7
4046,4,8
4047,9,7
4048,0,7
4049,7,2
4050,1,1
4051,6,7
4052,5,7
4053,7,7
4054,5,7
4055,2,7
4056,5,7
4057,1,1
4058,8,7
4059,5,7
4060,4,7
4061,7,7
4062,0,7
4063,6,7
4064,7,7
4065,0,7
4066,2,7
4067,5,7
4068,8,7
4069,1,1
4070,0,7
4071,4,7
4072,5,7
4073,7,1
4074,1,1
4075,8,7
4076,5,7
4077,1,1
4078,9,7
4079,0,7
4080,0,7
4081,6,7
4082,0,7
4083,7,1
4084,3,7
4085,1,1
4086,8,7
4087,3,7
4088,9,7
4089,7,1
4090,0,7
4091,0,7
4092,8,7
4093,9,7
4094,5,7
4095,9,7
4096,8,7
4097,3,7
4098,2,7
4099,7,7
4100,2,7
4101,9,7
4102,7,6
4103,2,7
4104,1,1
4105,1,7
4106,3,7
4107,7,7
4108,5,7
4109,3,3
4110,1,1
4111,9,7
4112,8,7
4113,2,7
4114,2,7
4115,2,7
4116,8,5
4117,8,6
4118,5,7
4119,7,7
4120,3,3
4121,8,7
4122,9,7
4123,8,7
4124,8,7
4125,6,7
4126,8,7
4127,2,3
4128,3,7
4129,9,7
4130,7,7
4131,5,7
4132,6,7
4133,2,7
4134,9,7
4135,2,7
4136,8,7
4137,8,7
4138,1,1
4139,6,7
4140,8,7
4141,8,1
4142,7,7
4143,9,7
4144,1,2
4145,8,7
4146,0,7
4147,1,3
4148,7,7
4149,2,7
4150,0,7
4151,7,7
4152,5,7
4153,1,6
4154,9,7
4155,0,7
4156,2,7
4157,0,7
4158,9,7
4159,8,7
4160,6,3
4161,2,7
4162,3,7
4163,9,7
4164,3,7
4165,8,7
4166,0,7
4167,2,2
4168,1,7
4169,1,6
4170,1,7
4171,1,8
4172,4,7
4173,2,7
4174,9,1
4175,7,7
4176,2,7
4177,5,7
4178,1,7
4179,1,1
4180,2,7
4181,1,1
4182,9,7
4183,9,2
4184,9,7
4185,1,7
4186,0,7
4187,2,4
4188,0,7
4189,2,7
4190,1,1
4191,1,1
4192,4,7
4193,6,7
4194,4,3
4195,1,7
4196,5,7
4197,4,7
4198,9,7
4199,7,4
4200,7,1
4201,1,2
4202,5,7
4203,6,7
4204,2,7
4205,2,7
4206,2,7
4207,8,7
4208,0,7
4209,6,2
4210,9,7
4211,6,7
4212,1,0
4213,9,7
4214,7,7
4215,7,7
4216,1,7
4217,4,0
4218,8,7
4219,5,7
4220,3,7
4221,4,7
4222,3,7
4223,4,7
4224,9,1
4225,7,7
4226,5,7
4227,0,7
4228,7,7
4229,4,7
4230,8,7
4231,8,7
4232,1,1
4233,5,7
4234,3,7
4235,9,7
4236,5,7
4237,9,7
4238,7,7
4239,6,7
4240,9,7
4241,0,7
4242,3,7
4243,6,7
4244,3,7
4245,9,1
4246,8,4
4247,2,7
4248,2,8
4249,1,1
4250,2,2
4251,8,7
4252,6,7
4253,8,2
4254,5,7
4255,5,2
4256,3,7
4257,9,5
4258,4,2
4259,9,7
4260,2,7
4261,5,7
4262,1,7
4263,5,7
4264,1,1
4265,4,7
4266,4,1
4267,1,7
4268,4,4
4269,4,7
4270,3,7
4271,5,4
4272,9,7
4273,1,1
4274,2,7
4275,2,7
4276,3,7
4277,3,7
4278,0,7
4279,2,4
4280,9,7
4281,0,7
4282,0,7
4283,9,7
4284,9,7
4285,6,7
4286,0,7
4287,9,7
4288,3,7
4289,2,7
4290,8,2
4291,4,7
4292,1,1
4293,9,7
4294,9,7
4295,7,8
4296,2,2
4297,7,7
4298,9,7
4299,9,7
4300,5,7
4301,9,7
4302,5,7
4303,1,7
4304,1,1
4305,8,7
4306,3,7
4307,5,7
4308,1,7
4309,9,7
4310,5,7
4311,3,7
4312,5,2
4313,4,7
4314,9,2
4315,5,7
4316,9,7
4317,3,7
4318,1,1
4319,9,7
4320,0,7
4321,9,7
4322,7,7
4323,5,7
4324,4,5
4325,9,8
4326,2,7
4327,0,7
4328,1,1
4329,0,7
4330,5,7
4331,1,1
4332,4,7
4333,9,7
4334,3,7
4335,3,7
4336,6,7
4337,1,7
4338,5,7
4339,2,7
4340,5,7
4341,2,7
4342,2,7
4343,0,7
4344,9,4
4345,2,7
4346,6,3
4347,6,7
4348,0,7
4349,1,8
4350,2,7
4351,0,7
4352,3,7
4353,0,7
4354,2,7
4355,5,7
4356,5,8
4357,7,1
4358,9,7
4359,5,7
4360,5,7
4361,0,7
4362,8,7
4363,9,7
4364,5,7
4365,0,7
4366,3,7
4367,2,2
4368,5,7
4369,9,7
4370,0,7
4371,8,7
4372,8,7
4373,4,7
4374,5,7
4375,8,7
4376,8,7
4377,4,1
4378,5,7
4379,4,7
4380,8,1
4381,5,7
4382,4,9
4383,9,7
4384,2,7
4385,2,7
4386,1,3
4387,2,7
4388,6,7
4389,8,2
4390,8,0
4391,7,7
4392,0,7
4393,3,2
4394,6,7
4395,6,7
4396,4,7
4397,3,7
4398,8,3
4399,8,7
4400,7,7
4401,2,7
4402,2,7
4403,0,7
4404,0,7
4405,9,2
4406,3,7
4407,9,7
4408,9,7
4409,1,7
4410,9,7
4411,8,7
4412,6,7
4413,6,7
4414,4,2
4415,2,7
4416,6,7
4417,9,0
4418,2,7
4419,8,2
4420,5,7
4421,4,7
4422,5,7
4423,7,7
4424,9,7
4425,9,7
4426,9,7
4427,2,7
4428,1,7
4429,8,7
4430,3,9
4431,4,7
4432,0,7
4433,7,7
4434,8,7
4435,3,9
4436,9,0
4437,3,0
4438,4,7
4439,6,7
4440,5,7
4441,6,7
4442,2,6
4443,3,5
4444,9,2
4445,2,7
4446,6,7
4447,0,3
4448,0,7
4449,6,7
4450,1,1
4451,2,7
4452,8,6
4453,7,7
4454,9,7
4455,8,7
4456,2,7
4457,0,7
4458,4,7
4459,7,7
4460,7,7
4461,5,7
4462,0,7
4463,5,7
4464,6,7
4465,4,7
4466,6,7
4467,7,7
4468,4,2
4469,3,1
4470,0,7
4471,7,7
4472,5,4
4473,0,7
4474,7,7
4475,4,7
4476,2,7
4477,0,7
4478,8,7
4479,9,9
4480,9,7
4481,4,3
4482,2,1
4483,4,7
4484,6,7
4485,7,7
4486,8,7
4487,7,7
4488,6,7
4489,9,7
4490,4,7
4491,1,7
4492,3,7
4493,7,7
4494,3,8
4495,0,7
4496,8,7
4497,8,2
4498,7,7
4499,6,7
4500,9,7
4501,3,1
4502,9,7
4503,2,7
4504,2,7
4505,9,7
4506,2,1
4507,1,7
4508,8,7
4509,3,7
4510,2,7
4511,9,7
4512,6,7
4513,8,1
4514,4,7
4515,0,7
4516,1,9
4517,2,7
4518,8,7
4519,4,7
4520,5,7
4521,2,2
4522,7,7
4523,8,7
4524,1,1
4525,1,2
4526,3,7
4527,0,7
4528,3,7
4529,5,7
4530,7,0
4531,0,7
4532,3,7
4533,1,1
4534,9,7
4535,3,2
4536,6,7
4537,3,7
4538,1,7
4539,7,7
4540,7,7
4541,3,7
4542,0,7
4543,8,7
4544,4,7
4545,8,7
4546,2,7
4547,6,7
4548,5,7
4549,2,7
4550,9,7
4551,7,7
4552,3,7
4553,9,7
4554,0,7
4555,9,7
4556,9,7
4557,6,7
4558,4,8
4559,2,7
4560,9,7
4561,7,7
4562,2,7
4563,1,7
4564,1,1
4565,6,7
4566,7,0
4567,4,7
4568,7,2
4569,5,0
4570,9,7
4571,6,7
4572,8,7
4573,2,2
4574,1,8
4575,4,3
4576,4,8
4577,5,7
4578,7,7
4579,6,7
4580,1,1
4581,3,7
4582,2,7
4583,5,7
4584,9,7
4585,9,7
4586,3,7
4587,6,7
4588,1,2
4589,1,7
4590,4,7
4591,6,7
4592,9,7
4593,7,0
4594,2,7
4595,1,9
4596,5,7
4597,1,1
4598,4,7
4599,6,7
4600,3,6
4601,8,7
4602,1,1
4603,1,2
4604,0,7
4605,3,7
4606,1,1
4607,6,7
4608,8,7
4609,4,7
4610,9,7
4611,0,2
4612,7,7
4613,3,7
4614,0,7
4615,2,7
4616,9,1
4617,0,7
4618,6,7
4619,6,7
4620,6,7
4621,3,7
4622,6,3
4623,7,1
4624,7,7
4625,2,7
4626,8,7
4627,6,7
4628,0,7
4629,8,7
4630,3,2
4631,0,7
4632,2,7
4633,9,7
4634,8,7
4635,3,7
4636,2,8
4637,5,7
4638,3,7
4639,8,2
4640,8,7
4641,0,7
4642,0,7
4643,1,2
4644,9,3
4645,5,7
4646,1,1
4647,3,7
4648,9,7
4649,6,2
4650,0,7
4651,1,1
4652,4,7
4653,1,2
4654,7,7
4655,1,1
4656,2,7
4657,3,7
4658,7,2
4659,9,9
4660,7,7
4661,4,7
4662,9,6
4663,9,7
4664,3,7
4665,9,3
4666,2,7
4667,8,7
4668,2,7
4669,7,2
4670,1,7
4671,8,5
4672,0,7
4673,9,7
4674,1,1
4675,0,7
4676,1,1
4677,7,7
4678,7,7
4679,9,7
4680,6,7
4681,9,7
4682,9,7
4683,9,7
4684,2,7
4685,1,1
4686,6,7
4687,1,3
4688,3,7
4689,5,7
4690,7,7
4691,1,7
4692,9,7
4693,7,7
4694,6,7
4695,4,7
4696,5,7
4697,7,7
4698,6,7
4699,6,6
4700,9,7
4701,9,7
4702,6,4
4703,3,4
4704,6,7
4705,2,7
4706,9,7
4707,8,7
4708,1,1
4709,2,2
4710,2,7
4711,5,7
4712,5,7
4713,2,7
4714,3,7
4715,7,7
4716,2,7
4717,1,3
4718,0,7
4719,1,3
4720,0,7
4721,4,6
4722,5,3
4723,2,7
4724,8,7
4725,2,7
4726,8,3
4727,3,7
4728,5,7
4729,1,7
4730,7,4
4731,8,7
4732,1,7
4733,1,7
4734,2,7
4735,9,3
4736,7,7
4737,8,7
4738,4,2
4739,0,7
4740,3,7
4741,0,7
4742,7,4
4743,8,7
4744,8,1
4745,4,8
4746,7,7
4747,7,7
4748,8,7
4749,5,7
4750,8,7
4751,4,7
4752,9,7
4753,8,7
4754,1,8
4755,3,8
4756,8,2
4757,0,7
4758,3,7
4759,1,7
4760,7,1
4761,9,7
4762,5,7
4763,5,7
4764,1,7
4765,6,7
4766,5,7
4767,7,7
4768,4,7
4769,9,7
4770,3,7
4771,5,7
4772,4,7
4773,7,7
4774,1,1
4775,2,7
4776,0,7
4777,8,2
4778,1,2
4779,6,7
4780,0,7
4781,7,7
4782,3,7
4783,4,7
4784,7,0
4785,3,7
4786,9,7
4787,6,7
4788,0,7
4789,8,8
4790,6,7
4791,4,7
4792,8,7
4793,7,7
4794,7,2
4795,9,7
4796,3,3
4797,8,7
4798,6,0
4799,9,7
4800,7,7
4801,2,2
4802,3,7
4803,4,7
4804,0,7
4805,2,7
4806,1,1
4807,8,7
4808,3,7
4809,5,4
4810,5,7
4811,7,7
4812,2,7
4813,4,7
4814,6,0
4815,7,6
4816,2,4
4817,8,7
4818,3,7
4819,0,7
4820,8,2
4821,7,7
4822,8,7
4823,9,0
4824,0,7
4825,8,7
4826,4,0
4827,4,7
4828,5,7
4829,8,0
4830,5,7
4831,6,7
4832,6,7
4833,3,7
4834,0,7
4835,9,7
4836,3,7
4837,7,7
4838,6,7
4839,8,7
4840,9,7
4841,3,7
4842,4,7
4843,9,7
4844,5,7
4845,8,7
4846,9,7
4847,1,1
4848,2,7
4849,8,2
4850,8,6
4851,6,7
4852,8,7
4853,1,6
4854,3,7
4855,7,7
4856,9,7
4857,0,7
4858,1,3
4859,1,9
4860,4,7
4861,7,7
4862,0,7
4863,8,2
4864,1,1
4865,7,7
4866,4,8
4867,5,7
4868,7,2
4869,1,4
4870,2,7
4871,1,1
4872,1,2
4873,3,7
4874,9,7
4875,6,7
4876,2,4
4877,1,7
4878,2,7
4879,8,7
4880,0,7
4881,7,7
4882,6,7
4883,6,7
4884,9,7
4885,3,7
4886,7,7
4887,0,7
4888,5,7
4889,2,7
4890,8,7
4891,0,7
4892,5,7
4893,4,4
4894,3,7
4895,8,7
4896,4,2
4897,6,6
4898,6,7
4899,2,7
4900,7,7
4901,9,3
4902,5,7
4903,1,3
4904,3,7
4905,2,7
4906,4,7
4907,3,2
4908,6,7
4909,1,7
4910,9,1
4911,4,6
4912,4,3
4913,7,1
4914,6,7
4915,5,0
4916,4,2
4917,1,7
4918,9,7
4919,9,7
4920,2,7
4921,7,7
4922,8,7
4923,0,7
4924,1,1
4925,3,7
4926,6,7
4927,1,1
4928,3,7
4929,4,7
4930,1,1
4931,1,1
4932,1,7
4933,5,7
4934,6,7
4935,0,7
4936,7,7
4937,0,7
4938,7,7
4939,2,7
4940,3,7
4941,2,3
4942,5,7
4943,2,1
4944,2,7
4945,9,7
4946,4,2
4947,9,7
4948,8,7
4949,1,1
4950,2,7
4951,1,8
4952,6,3
4953,1,7
4954,2,7
4955,7,0
4956,8,7
4957,0,7
4958,0,7
4959,0,7
4960,8,7
4961,2,7
4962,2,6
4963,9,7
4964,2,7
4965,2,3
4966,7,3
4967,9,7
4968,9,9
4969,2,7
4970,7,7
4971,5,7
4972,1,1
4973,3,7
4974,4,7
4975,9,7
4976,4,7
4977,1,1
4978,8,7
4979,5,7
4980,6,7
4981,2,7
4982,8,7
4983,3,7
4984,1,2
4985,2,8
4986,8,7
4987,4,7
4988,9,7
4989,9,7
4990,3,7
4991,7,7
4992,0,7
4993,7,7
4994,7,7
4995,2,7
4996,3,2
4997,2,2
4998,4,8
4999,0,7
5000,3,7
5001,9,2
5002,9,7
5003,8,7
5004,4,7
5005,1,7
5006,0,7
5007,6,7
5008,0,7
5009,9,7
5010,6,7
5011,8,7
5012,6,7
5013,1,7
5014,1,7
5015,9,7
5016,8,2
5017,9,7
5018,2,7
5019,3,7
5020,5,7
5021,5,7
5022,9,7
5023,4,7
5024,2,7
5025,1,7
5026,9,7
5027,4,2
5028,3,7
5029,9,7
5030,6,7
5031,0,7
5032,4,7
5033,0,7
5034,6,7
5035,0,7
5036,1,7
5037,2,7
5038,3,2
5039,4,7
5040,7,3
5041,8,7
5042,9,3
5043,0,7
5044,1,8
5045,2,7
5046,3,7
5047,4,7
5048,7,7
5049,8,7
5050,9,7
5051,0,7
5052,1,7
5053,2,7
5054,3,7
5055,4,7
5056,5,7
5057,6,7
5058,7,2
5059,8,7
5060,9,7
5061,8,7
5062,3,7
5063,4,2
5064,7,1
5065,8,7
5066,6,7
5067,3,7
5068,4,7
5069,0,7
5070,9,7
5071,7,7
5072,1,4
5073,9,7
5074,3,7
5075,8,2
5076,4,7
5077,7,4
5078,3,7
5079,0,7
5080,9,7
5081,1,7
5082,4,7
5083,5,7
5084,4,2
5085,6,7
5086,2,7
5087,0,7
5088,6,2
5089,2,2
5090,1,7
5091,1,7
5092,1,1
5093,1,7
5094,7,7
5095,2,7
5096,4,2
5097,7,7
5098,5,7
5099,2,7
5100,9,7
5101,4,7
5102,5,7
5103,8,7
5104,4,7
5105,2,7
5106,9,7
5107,7,2
5108,0,7
5109,0,7
5110,7,7
5111,5,7
5112,1,7
5113,1,7
5114,7,7
5115,6,7
5116,6,7
5117,6,7
5118,8,7
5119,2,7
5120,2,7
5121,7,3
5122,7,7
5123,4,7
5124,0,7
5125,2,7
5126,4,2
5127,2,7
5128,1,7
5129,8,7
5130,9,7
5131,6,7
5132,1,7
5133,0,7
5134,5,7
5135,9,7
5136,6,7
5137,9,7
5138,8,7
5139,0,7
5140,3,7
5141,0,7
5142,8,7
5143,3,6
5144,9,7
5145,6,7
5146,3,7
5147,0,7
5148,1,7
5149,2,7
5150,3,7
5151,4,7
5152,5,4
5153,6,7
5154,7,7
5155,0,7
5156,1,7
5157,2,7
5158,3,7
5159,4,7
5160,5,2
5161,6,7
5162,7,7
5163,8,7
5164,9,7
5165,0,7
5166,1,7
5167,2,7
5168,3,7
5169,4,7
5170,5,7
5171,6,7
5172,7,3
5173,8,7
5174,5,7
5175,4,0
5176,8,7
5177,7,7
5178,4,7
5179,7,7
5180,7,7
5181,3,7
5182,9,2
5183,8,7
5184,8,7
5185,3,7
5186,1,7
5187,5,4
5188,8,7
5189,2,7
5190,7,7
5191,4,7
5192,2,7
5193,1,7
5194,5,7
5195,4,7
5196,5,7
5197,5,7
5198,8,7
5199,6,7
5200,4,7
5201,4,7
5202,4,7
5203,1,1
5204,8,7
5205,7,3
5206,5,7
5207,5,7
5208,1,7
5209,8,7
5210,9,7
5211,1,7
5212,3,7
5213,6,7
5214,3,2
5215,3,7
5216,2,7
5217,2,2
5218,6,7
5219,9,7
5220,9,7
5221,6,7
5222,5,7
5223,5,2
5224,3,7
5225,3,7
5226,8,7
5227,1,7
5228,6,7
5229,5,7
5230,6,7
5231,8,7
5232,1,7
5233,9,7
5234,7,7
5235,6,7
5236,8,7
5237,3,7
5238,7,7
5239,4,7
5240,7,7
5241,0,7
5242,9,3
5243,0,7
5244,0,7
5245,3,7
5246,7,6
5247,9,7
5248,3,7
5249,0,7
5250,2,7
5251,0,7
5252,1,7
5253,0,7
5254,1,7
5255,0,7
5256,4,7
5257,0,7
5258,1,7
5259,0,7
5260,4,7
5261,7,7
5262,9,7
5263,6,7
5264,2,7
5265,6,7
5266,2,7
5267,2,7
5268,9,7
5269,9,7
5270,0,7
5271,1,7
5272,2,7
5273,3,7
5274,4,6
5275,5,7
5276,6,7
5277,7,7
5278,8,8
5279,9,7
5280,0,7
5281,1,7
5282,2,7
5283,3,7
5284,4,7
5285,5,2
5286,6,7
5287,7,7
5288,8,7
5289,9,7
5290,0,7
5291,1,7
5292,2,7
5293,3,7
5294,4,7
5295,5,7
5296,6,7
5297,7,7
5298,8,3
5299,9,7
5300,8,7
5301,0,7
5302,5,7
5303,6,7
5304,6,6
5305,0,7
5306,8,7
5307,0,7
5308,2,7
5309,3,7
5310,7,7
5311,9,6
5312,4,7
5313,7,7
5314,1,7
5315,9,7
5316,1,7
5317,7,7
5318,1,7
5319,4,3
5320,0,8
5321,0,7
5322,4,7
5323,1,1
5324,7,7
5325,5,7
5326,7,7
5327,1,7
5328,3,7
5329,3,7
5330,3,7
5331,1,7
5332,6,7
5333,9,7
5334,7,7
5335,4,7
5336,3,7
5337,0,7
5338,2,7
5339,5,7
5340,2,7
5341,6,7
5342,0,7
5343,8,7
5344,9,7
5345,4,7
5346,3,7
5347,5,7
5348,4,7
5349,8,7
5350,1,7
5351,5,7
5352,9,7
5353,0,7
5354,6,7
5355,4,7
5356,3,7
5357,6,7
5358,3,7
5359,3,7
5360,8,7
5361,1,7
5362,4,7
5363,7,7
5364,5,7
5365,7,7
5366,2,7
5367,2,7
5368,0,7
5369,0,7
5370,1,7
5371,7,7
5372,7,7
5373,9,7
5374,5,7
5375,9,7
5376,8,7
5377,9,7
5378,6,7
5379,8,7
5380,8,7
5381,2,7
5382,3,7
5383,6,7
5384,1,1
5385,2,7
5386,9,7
5387,8,7
5388,9,7
5389,5,7
5390,2,7
5391,6,7
5392,2,7
5393,4,7
5394,8,7
5395,4,7
5396,6,7
5397,5,7
5398,0,7
5399,1,7
5400,5,7
5401,6,7
5402,7,7
5403,8,7
5404,9,7
5405,0,7
5406,1,7
5407,2,7
5408,3,7
5409,4,7
5410,5,7
5411,6,7
5412,7,7
5413,8,2
5414,9,7
5415,0,7
5416,1,7
5417,2,7
5418,3,7
5419,4,7
5420,5,7
5421,6,7
5422,7,7
5423,8,2
5424,9,7
5425,7,7
5426,4,7
5427,2,7
5428,0,7
5429,9,1
5430,0,7
5431,1,7
5432,5,7
5433,8,7
5434,8,7
5435,0,7
5436,2,7
5437,7,7
5438,8,7
5439,4,7
5440,4,7
5441,6,7
5442,1,7
5443,0,7
5444,4,7
5445,5,7
5446,3,7
5447,9,7
5448,4,7
5449,2,7
5450,0,7
5451,5,7
5452,0,7
5453,1,7
5454,3,7
5455,2,7
5456,9,8
5457,1,7
5458,6,7
5459,0,7
5460,1,7
5461,1,7
5462,8,7
5463,0,7
5464,4,7
5465,7,1
5466,7,7
5467,6,7
5468,3,7
5469,6,7
5470,0,7
5471,7,7
5472,3,7
5473,5,7
5474,4,7
5475,2,7
5476,4,7
5477,1,7
5478,8,6
5479,3,7
5480,5,7
5481,6,7
5482,7,7
5483,0,7
5484,6,7
5485,7,7
5486,1,7
5487,2,7
5488,5,7
5489,8,7
5490,1,7
5491,9,7
5492,3,7
5493,8,7
5494,2,7
5495,8,7
5496,7,7
5497,6,7
5498,7,7
5499,1,7
5500,4,7
5501,6,7
5502,2,7
5503,9,7
5504,3,7
5505,0,7
5506,1,1
5507,2,7
5508,3,7
5509,4,7
5510,5,7
5511,6,7
5512,7,9
5513,0,7
5514,1,1
5515,2,7
5516,3,7
5517,4,7
5518,5,1
5519,0,7
5520,1,2
5521,2,7
5522,8,7
5523,9,7
5524,1,7
5525,4,7
5526,0,7
5527,9,1
5528,5,7
5529,0,7
5530,8,7
5531,0,7
5532,7,7
5533,7,7
5534,1,1
5535,1,7
5536,2,7
5537,9,6
5538,3,7
5539,6,7
5540,7,7
5541,2,7
5542,3,7
5543,8,7
5544,1,7
5545,2,7
5546,9,7
5547,8,7
5548,8,7
5549,7,7
5550,1,1
5551,7,7
5552,1,3
5553,1,1
5554,0,7
5555,3,7
5556,4,7
5557,2,7
5558,6,7
5559,4,3
5560,7,7
5561,4,7
5562,2,7
5563,7,7
5564,4,7
5565,9,7
5566,1,7
5567,0,7
5568,6,7
5569,8,7
5570,5,7
5571,5,7
5572,5,7
5573,3,7
5574,5,7
5575,9,7
5576,7,7
5577,4,7
5578,8,0
5579,5,7
5580,9,7
5581,6,7
5582,9,7
5583,3,7
5584,0,7
5585,3,7
5586,8,7
5587,9,7
5588,1,7
5589,8,7
5590,1,7
5591,6,7
5592,0,7
5593,0,7
5594,1,7
5595,2,5
5596,3,8
5597,4,7
5598,5,7
5599,6,7
5600,7,7
5601,8,7
5602,9,7
5603,0,7
5604,1,7
5605,2,2
5606,3,7
5607,4,2
5608,5,7
5609,6,7
5610,7,1
5611,8,7
5612,9,7
5613,0,7
5614,1,7
5615,2,7
5616,3,7
5617,4,0
5618,5,7
5619,6,7
5620,7,7
5621,8,7
5622,9,7
5623,3,7
5624,5,7
5625,3,7
5626,2,7
5627,9,7
5628,3,7
5629,2,8
5630,1,7
5631,4,7
5632,5,7
5633,5,7
5634,2,8
5635,3,7
5636,2,7
5637,1,1
5638,3,7
5639,9,0
5640,7,7
5641,2,7
5642,1,7
5643,2,7
5644,8,7
5645,9,7
5646,1,6
5647,8,7
5648,8,7
5649,7,7
5650,8,8
5651,1,1
5652,0,7
5653,0,7
5654,7,7
5655,7,0
5656,8,6
5657,7,7
5658,5,7
5659,0,7
5660,6,7
5661,1,7
5662,5,7
5663,7,7
5664,4,7
5665,6,7
5666,1,1
5667,2,7
5668,5,7
5669,0,7
5670,7,7
5671,9,7
5672,9,7
5673,0,7
5674,3,7
5675,8,8
5676,4,7
5677,4,2
5678,8,7
5679,1,1
5680,8,7
5681,6,7
5682,5,7
5683,9,7
5684,0,7
5685,0,7
5686,0,7
5687,3,7
5688,7,7
5689,1,1
5690,6,7
5691,4,1
5692,2,7
5693,6,7
5694,6,7
5695,0,7
5696,4,1
5697,5,7
5698,4,2
5699,1,1
5700,3,7
5701,8,7
5702,6,7
5703,3,3
5704,9,7
5705,9,7
5706,5,6
5707,9,1
5708,3,2
5709,7,9
5710,8,7
5711,5,7
5712,6,2
5713,4,8
5714,7,1
5715,6,7
5716,2,7
5717,2,7
5718,0,7
5719,9,7
5720,4,3
5721,0,7
5722,1,1
5723,2,2
5724,3,2
5725,4,7
5726,5,7
5727,6,7
5728,7,7
5729,8,7
5730,9,6
5731,0,7
5732,1,7
5733,2,7
5734,3,0
5735,5,7
5736,6,7
5737,0,7
5738,1,7
5739,2,7
5740,3,7
5741,4,7
5742,5,7
5743,6,7
5744,8,7
5745,7,3
5746,1,7
5747,3,7
5748,2,7
5749,8,7
5750,0,7
5751,7,7
5752,5,7
5753,9,7
5754,9,7
5755,6,7
5756,0,7
5757,9,6
5758,4,7
5759,1,7
5760,3,7
5761,2,7
5762,1,7
5763,2,7
5764,3,7
5765,8,2
5766,3,7
5767,2,7
5768,6,7
5769,5,7
5770,6,7
5771,8,7
5772,2,7
5773,7,9
5774,4,7
5775,8,7
5776,1,7
5777,8,7
5778,0,7
5779,5,7
5780,3,7
5781,9,7
5782,4,7
5783,1,7
5784,9,7
5785,2,7
5786,1,7
5787,9,7
5788,6,7
5789,7,7
5790,9,7
5791,0,7
5792,4,7
5793,6,7
5794,1,7
5795,7,7
5796,3,7
5797,8,7
5798,7,7
5799,2,7
5800,9,7
5801,6,7
5802,5,3
5803,8,6
5804,3,7
5805,9,7
5806,0,7
5807,5,7
5808,7,7
5809,1,7
5810,6,2
5811,1,7
5812,0,7
5813,9,7
5814,3,7
5815,3,7
5816,4,7
5817,4,7
5818,0,7
5819,6,7
5820,2,7
5821,5,7
5822,4,7
5823,2,7
5824,3,7
5825,4,7
5826,6,7
5827,0,7
5828,0,7
5829,2,7
5830,0,7
5831,1,7
5832,4,7
5833,5,7
5834,6,7
5835,7,7
5836,8,7
5837,9,7
5838,0,7
5839,1,7
5840,2,7
5841,3,7
5842,4,7
5843,5,7
5844,6,7
5845,7,7
5846,8,7
5847,0,7
5848,1,7
5849,2,7
5850,3,7
5851,4,0
5852,5,7
5853,6,7
5854,7,7
5855,8,7
5856,9,7
5857,8,7
5858,7,7
5859,1,6
5860,3,7
5861,7,1
5862,5,7
5863,2,7
5864,8,7
5865,0,7
5866,7,7
5867,5,7
5868,9,8
5869,9,7
5870,0,7
5871,9,7
5872,1,1
5873,1,1
5874,5,7
5875,8,7
5876,8,7
5877,6,1
5878,3,7
5879,2,7
5880,1,1
5881,8,7
5882,3,7
5883,2,7
5884,6,7
5885,5,7
5886,6,7
5887,7,7
5888,4,7
5889,1,3
5890,0,1
5891,5,7
5892,3,7
5893,1,1
5894,9,7
5895,2,7
5896,1,1
5897,9,7
5898,6,7
5899,0,7
5900,4,7
5901,6,7
5902,1,3
5903,7,2
5904,3,7
5905,8,7
5906,7,7
5907,2,7
5908,9,7
5909,6,7
5910,5,7
5911,8,7
5912,3,7
5913,5,7
5914,7,1
5915,1,2
5916,6,7
5917,1,1
5918,0,7
5919,9,7
5920,6,7
5921,2,7
5922,5,7
5923,4,7
5924,2,7
5925,3,7
5926,4,7
5927,4,7
5928,6,7
5929,0,7
5930,0,7
5931,2,7
5932,0,7
5933,1,1
5934,2,7
5935,3,7
5936,4,7
5937,5,8
5938,6,3
5939,7,7
5940,8,7
5941,9,7
5942,0,7
5943,1,7
5944,2,7
5945,3,7
5946,4,4
5947,5,7
5948,6,7
5949,7,7
5950,8,7
5951,9,3
5952,0,7
5953,1,7
5954,2,7
5955,3,7
5956,4,7
5957,5,7
5958,6,7
5959,7,7
5960,8,6
5961,9,9
5962,8,7
5963,6,7
5964,5,7
5965,0,7
5966,6,7
5967,8,7
5968,9,7
5969,4,7
5970,1,7
5971,9,2
5972,5,7
5973,3,1
5974,0,7
5975,4,0
5976,8,7
5977,9,7
5978,1,1
5979,4,7
5980,0,7
5981,5,7
5982,5,8
5983,2,7
5984,1,3
5985,5,7
5986,4,1
5987,0,7
5988,7,3
5989,6,7
5990,0,7
5991,1,1
5992,7,1
5993,0,7
5994,6,7
5995,8,7
5996,9,7
5997,5,7
5998,1,7
5999,7,7
6000,9,3
6001,8,7
6002,6,3
6003,0,7
6004,8,7
6005,1,7
6006,7,7
6007,7,7
6008,1,7
6009,3,7
6010,2,7
6011,3,7
6012,1,1
6013,4,3
6014,2,7
6015,0,7
6016,0,7
6017,7,7
6018,8,3
6019,4,7
6020,6,2
6021,4,7
6022,9,7
6023,3,7
6024,8,7
6025,4,7
6026,7,7
6027,2,7
6028,5,7
6029,6,7
6030,3,9
6031,6,7
6032,9,1
6033,6,7
6034,3,8
6035,2,7
6036,2,2
6037,4,7
6038,6,7
6039,9,7
6040,0,7
6041,2,7
6042,5,7
6043,5,5
6044,1,7
6045,3,7
6046,3,7
6047,9,7
6048,7,8
6049,8,7
6050,7,3
6051,2,7
6052,2,0
6053,5,7
6054,7,0
6055,9,7
6056,8,1
6057,2,7
6058,1,7
6059,3,7
6060,1,1
6061,3,7
6062,0,7
6063,1,7
6064,2,8
6065,3,7
6066,4,7
6067,5,7
6068,6,8
6069,7,8
6070,8,7
6071,9,7
6072,0,7
6073,1,7
6074,2,7
6075,3,7
6076,4,7
6077,5,7
6078,6,5
6079,7,7
6080,8,7
6081,9,7
6082,0,7
6083,1,3
6084,2,7
6085,3,7
6086,4,7
6087,5,7
6088,6,7
6089,7,7
6090,8,7
6091,9,7
6092,1,3
6093,2,7
6094,6,7
6095,5,7
6096,3,7
6097,0,7
6098,7,7
6099,0,7
6100,4,7
6101,1,7
6102,4,7
6103,3,0
6104,6,7
6105,7,7
6106,2,9
6107,3,7
6108,1,7
6109,2,7
6110,1,7
6111,2,9
6112,9,7
6113,6,8
6114,0,7
6115,1,8
6116,3,7
6117,0,7
6118,2,7
6119,7,7
6120,5,7
6121,7,7
6122,6,7
6123,2,7
6124,9,7
6125,1,1
6126,9,7
6127,0,7
6128,6,7
6129,0,7
6130,6,7
6131,0,7
6132,2,7
6133,0,7
6134,6,7
6135,1,7
6136,5,2
6137,8,7
6138,4,7
6139,3,7
6140,0,7
6141,1,5
6142,5,7
6143,4,7
6144,4,7
6145,8,7
6146,5,7
6147,7,8
6148,5,7
6149,7,7
6150,8,7
6151,3,7
6152,4,8
6153,8,7
6154,8,7
6155,5,7
6156,2,7
6157,9,7
6158,7,7
6159,1,8
6160,3,7
6161,8,7
6162,1,8
6163,0,7
6164,7,7
6165,5,7
6166,9,7
6167,6,7
6168,9,7
6169,4,7
6170,7,7
6171,7,7
6172,9,7
6173,9,7
6174,3,7
6175,4,7
6176,4,7
6177,3,7
6178,8,7
6179,6,7
6180,2,7
6181,0,7
6182,1,7
6183,2,7
6184,3,7
6185,4,7
6186,5,7
6187,6,7
6188,7,7
6189,8,7
6190,9,7
6191,0,7
6192,1,7
6193,2,7
6194,3,7
6195,4,7
6196,5,7
6197,6,7
6198,7,7
6199,8,9
6200,9,7
6201,0,7
6202,1,7
6203,2,7
6204,3,7
6205,4,7
6206,5,7
6207,6,7
6208,7,2
6209,8,7
6210,9,7
6211,0,7
6212,8,7
6213,3,7
6214,9,7
6215,5,7
6216,5,7
6217,2,7
6218,6,7
6219,8,7
6220,4,7
6221,9,7
6222,1,3
6223,7,7
6224,1,7
6225,2,7
6226,3,7
6227,5,7
6228,9,7
6229,6,7
6230,9,7
6231,1,7
6232,1,1
6233,1,7
6234,2,1
6235,9,7
6236,5,7
6237,6,7
6238,8,7
6239,1,7
6240,2,7
6241,0,7
6242,7,7
6243,7,7
6244,5,7
6245,8,7
6246,2,7
6247,9,7
6248,8,7
6249,9,7
6250,0,7
6251,4,7
6252,6,7
6253,7,7
6254,1,4
6255,3,7
6256,4,2
6257,5,7
6258,6,6
6259,0,7
6260,3,7
6261,6,7
6262,8,7
6263,7,7
6264,0,7
6265,4,2
6266,2,7
6267,7,7
6268,4,7
6269,7,7
6270,5,7
6271,4,7
6272,3,7
6273,4,7
6274,2,6
6275,8,7
6276,1,7
6277,5,7
6278,1,7
6279,2,7
6280,0,7
6281,2,8
6282,5,7
6283,6,7
6284,4,2
6285,3,7
6286,0,7
6287,0,7
6288,0,7
6289,3,7
6290,3,7
6291,5,7
6292,7,7
6293,0,7
6294,6,2
6295,4,7
6296,8,7
6297,8,7
6298,6,7
6299,3,7
6300,4,7
6301,6,7
6302,9,7
6303,9,7
6304,8,7
6305,2,7
6306,7,7
6307,7,7
6308,1,7
6309,0,7
6310,1,7
6311,2,7
6312,3,7
6313,4,7
6314,5,7
6315,6,7
6316,7,2
6317,8,7
6318,9,7
6319,0,7
6320,1,7
6321,2,7
6322,3,7
6323,4,7
6324,5,7
6325,6,7
6326,7,7
6327,8,7
6328,0,7
6329,1,7
6330,2,7
6331,3,6
6332,4,7
6333,5,7
6334,6,7
6335,7,7
6336,8,2
6337,2,7
6338,1,7
6339,7,9
6340,2,7
6341,5,7
6342,0,7
6343,8,7
6344,0,7
6345,2,7
6346,7,3
6347,8,6
6348,8,7
6349,3,1
6350,6,7
6351,0,7
6352,2,7
6353,7,1
6354,6,7
6355,6,7
6356,1,1
6357,2,7
6358,8,7
6359,8,7
6360,7,7
6361,7,7
6362,4,7
6363,7,7
6364,7,7
6365,3,7
6366,7,7
6367,4,0
6368,5,7
6369,4,0
6370,3,0
6371,3,2
6372,8,7
6373,4,7
6374,1,0
6375,1,1
6376,9,3
6377,7,8
6378,4,7
6379,3,7
6380,7,7
6381,3,7
6382,3,7
6383,0,7
6384,2,7
6385,5,7
6386,5,7
6387,6,7
6388,6,7
6389,3,7
6390,5,5
6391,2,7
6392,5,7
6393,9,7
6394,9,7
6395,8,7
6396,4,7
6397,1,2
6398,0,7
6399,6,7
6400,0,7
6401,9,7
6402,6,7
6403,8,7
6404,8,7
6405,5,7
6406,6,7
6407,1,3
6408,1,1
6409,9,0
6410,8,7
6411,9,7
6412,2,7
6413,3,7
6414,5,7
6415,5,7
6416,9,7
6417,4,7
6418,2,3
6419,1,2
6420,9,7
6421,3,7
6422,9,7
6423,2,7
6424,0,7
6425,6,7
6426,0,7
6427,4,8
6428,0,3
6429,0,7
6430,1,7
6431,2,7
6432,3,7
6433,4,7
6434,7,7
6435,8,2
6436,9,7
6437,0,7
6438,1,7
6439,2,7
6440,3,7
6441,7,7
6442,8,2
6443,9,7
6444,0,7
6445,1,7
6446,2,7
6447,3,7
6448,4,7
6449,7,7
6450,8,7
6451,9,7
6452,7,7
6453,3,7
6454,0,7
6455,3,7
6456,1,7
6457,8,7
6458,7,7
6459,6,7
6460,4,7
6461,0,7
6462,2,7
6463,6,7
6464,8,7
6465,3,7
6466,2,7
6467,8,7
6468,1,7
6469,2,7
6470,0,7
6471,7,7
6472,1,7
6473,0,7
6474,4,7
6475,4,7
6476,5,7
6477,8,7
6478,0,7
6479,6,2
6480,2,7
6481,3,7
6482,1,7
6483,5,7
6484,1,7
6485,8,2
6486,5,7
6487,9,7
6488,4,7
6489,0,7
6490,7,7
6491,5,7
6492,8,7
6493,8,7
6494,3,7
6495,8,7
6496,9,7
6497,2,7
6498,6,4
6499,2,7
6500,5,7
6501,3,7
6502,1,7
6503,7,7
6504,3,7
6505,9,7
6506,1,7
6507,9,7
6508,9,7
6509,6,7
6510,0,7
6511,3,7
6512,9,7
6513,2,7
6514,8,7
6515,1,7
6516,4,7
6517,3,7
6518,5,7
6519,2,7
6520,9,7
6521,2,7
6522,5,7
6523,8,8
6524,9,7
6525,5,7
6526,0,7
6527,1,7
6528,2,7
6529,4,7
6530,5,7
6531,6,7
6532,0,7
6533,1,7
6534,2,7
6535,3,7
6536,4,7
6537,5,7
6538,6,6
6539,7,7
6540,1,1
6541,2,7
6542,3,7
6543,4,7
6544,5,2
6545,1,7
6546,0,7
6547,4,7
6548,5,7
6549,6,7
6550,6,7
6551,3,7
6552,4,7
6553,4,7
6554,2,7
6555,8,7
6556,1,7
6557,0,7
6558,6,7
6559,4,7
6560,9,7
6561,7,1
6562,2,7
6563,3,7
6564,3,1
6565,9,7
6566,2,7
6567,0,7
6568,9,3
6569,3,1
6570,3,7
6571,9,1
6572,1,7
6573,5,7
6574,2,7
6575,3,7
6576,7,1
6577,7,7
6578,8,7
6579,4,7
6580,0,7
6581,2,7
6582,4,7
6583,0,7
6584,2,7
6585,4,6
6586,7,7
6587,8,7
6588,0,7
6589,7,2
6590,0,7
6591,6,3
6592,9,7
6593,3,3
6594,2,7
6595,8,7
6596,6,6
6597,0,7
6598,5,6
6599,7,7
6600,5,7
6601,1,7
6602,0,7
6603,8,7
6604,1,1
6605,6,2
6606,7,7
6607,2,7
6608,9,7
6609,7,3
6610,9,7
6611,5,1
6612,8,7
6613,6,1
6614,2,8
6615,6,7
6616,2,7
6617,8,4
6618,1,7
6619,7,7
6620,5,1
6621,0,7
6622,1,1
6623,1,5
6624,3,2
6625,8,7
6626,4,7
6627,9,7
6628,1,0
6629,8,7
6630,6,7
6631,8,7
6632,9,6
6633,0,7
6634,1,7
6635,2,2
6636,3,7
6637,4,3
6638,5,7
6639,6,7
6640,7,7
6641,8,7
6642,9,7
6643,0,7
6644,1,1
6645,2,7
6646,3,7
6647,4,7
6648,7,7
6649,8,7
6650,9,7
6651,0,7
6652,1,7
6653,7,7
6654,8,7
6655,9,7
6656,9,7
6657,8,7
6658,9,7
6659,8,7
6660,4,7
6661,1,7
6662,7,8
6663,7,2
6664,3,7
6665,3,1
6666,7,7
6667,6,7
6668,6,7
6669,6,7
6670,1,7
6671,9,7
6672,0,7
6673,1,7
6674,7,7
6675,6,7
6676,3,7
6677,2,3
6678,1,7
6679,7,2
6680,1,7
6681,3,7
6682,9,7
6683,1,7
6684,7,3
6685,6,7
6686,8,7
6687,4,2
6688,1,7
6689,4,1
6690,3,7
6691,6,7
6692,9,7
6693,6,7
6694,1,7
6695,4,2
6696,4,3
6697,7,7
6698,2,7
6699,4,7
6700,4,7
6701,0,7
6702,1,6
6703,2,7
6704,3,7
6705,4,7
6706,5,7
6707,6,7
6708,7,7
6709,8,7
6710,9,7
6711,0,7
6712,1,7
6713,2,7
6714,3,7
6715,4,7
6716,5,9
6717,6,7
6718,9,7
6719,0,7
6720,1,7
6721,2,7
6722,3,7
6723,4,7
6724,7,7
6725,8,7
6726,1,7
6727,3,7
6728,5,7
6729,1,7
6730,7,7
6731,7,7
6732,2,2
6733,1,7
6734,4,7
6735,8,7
6736,3,7
6737,4,7
6738,4,7
6739,3,7
6740,9,7
6741,7,7
6742,4,7
6743,1,7
6744,2,7
6745,3,7
6746,5,7
6747,9,7
6748,1,7
6749,6,7
6750,0,7
6751,1,7
6752,0,7
6753,0,7
6754,2,7
6755,8,7
6756,7,7
6757,1,7
6758,1,7
6759,4,7
6760,0,7
6761,4,7
6762,7,3
6763,3,7
6764,6,7
6765,8,7
6766,0,7
6767,3,8
6768,7,7
6769,4,7
6770,0,7
6771,6,7
6772,9,7
6773,2,3
6774,6,7
6775,5,7
6776,8,7
6777,6,7
6778,9,7
6779,0,7
6780,4,7
6781,0,7
6782,6,7
6783,1,7
6784,9,7
6785,2,7
6786,0,7
6787,9,7
6788,5,7
6789,1,7
6790,3,7
6791,7,7
6792,6,7
6793,9,7
6794,3,7
6795,0,7
6796,2,7
6797,2,7
6798,0,7
6799,1,7
6800,2,7
6801,3,7
6802,4,0
6803,5,7
6804,6,8
6805,7,7
6806,8,7
6807,9,7
6808,0,7
6809,1,1
6810,2,7
6811,3,7
6812,4,7
6813,5,7
6814,6,1
6815,7,7
6816,8,7
6817,9,7
6818,0,7
6819,1,2
6820,2,7
6821,3,7
6822,4,9
6823,5,7
6824,6,7
6825,7,7
6826,8,7
6827,9,7
6828,2,7
6829,1,1
6830,7,7
6831,2,7
6832,5,7
6833,0,7
6834,8,7
6835,0,7
6836,2,7
6837,7,7
6838,8,7
6839,8,9
6840,3,7
6841,0,7
6842,6,7
6843,0,7
6844,2,7
6845,7,7
6846,6,7
6847,6,7
6848,1,1
6849,2,7
6850,8,7
6851,8,7
6852,7,0
6853,7,2
6854,4,1
6855,7,2
6856,7,7
6857,3,7
6858,7,7
6859,4,7
6860,5,7
6861,4,0
6862,3,7
6863,3,9
6864,8,7
6865,4,7
6866,5,5
6867,4,7
6868,1,7
6869,1,1
6870,9,7
6871,7,7
6872,4,7
6873,3,7
6874,7,7
6875,3,7
6876,3,1
6877,0,7
6878,2,7
6879,5,7
6880,5,7
6881,6,7
6882,3,2
6883,1,5
6884,5,7
6885,2,9
6886,5,7
6887,9,7
6888,9,7
6889,8,7
6890,4,3
6891,1,1
6892,0,7
6893,6,7
6894,0,7
6895,9,8
6896,6,7
6897,8,7
6898,8,7
6899,5,8
6900,6,7
6901,1,1
6902,1,9
6903,9,7
6904,8,7
6905,9,1
6906,2,7
6907,3,7
6908,5,7
6909,5,7
6910,9,7
6911,4,7
6912,2,7
6913,1,1
6914,9,1
6915,4,1
6916,9,7
6917,1,7
6918,3,7
6919,9,8
6920,2,7
6921,0,7
6922,6,7
6923,0,7
6924,4,7
6925,0,7
6926,6,6
6927,0,3
6928,1,1
6929,2,7
6930,3,7
6931,4,7
6932,5,7
6933,6,7
6934,7,3
6935,8,3
6936,9,2
6937,0,7
6938,1,7
6939,2,7
6940,3,7
6941,4,7
6942,5,7
6943,6,7
6944,7,7
6945,8,7
6946,9,7
6947,0,7
6948,1,9
6949,2,7
6950,3,7
6951,4,7
6952,5,7
6953,6,7
6954,7,2
6955,8,7
6956,9,2
6957,3,7
6958,8,7
6959,0,7
6960,7,7
6961,1,8
6962,0,7
6963,7,7
6964,5,7
6965,5,7
6966,6,7
6967,9,7
6968,0,7
6969,1,7
6970,0,7
6971,0,3
6972,8,7
6973,3,7
6974,4,7
6975,3,7
6976,1,7
6977,5,7
6978,0,7
6979,0,7
6980,9,7
6981,5,7
6982,3,7
6983,4,7
6984,9,6
6985,3,7
6986,7,7
6987,6,7
6988,9,7
6989,2,7
6990,4,7
6991,5,7
6992,7,7
6993,2,7
6994,6,7
6995,4,7
6996,9,7
6997,4,2
6998,9,7
6999,4,7
7000,1,7
7001,2,7
7002,2,7
7003,5,7
7004,8,7
7005,1,7
7006,3,7
7007,2,7
7008,9,7
7009,4,7
7010,3,7
7011,8,7
7012,2,7
7013,2,7
7014,1,5
7015,2,2
7016,8,7
7017,6,7
7018,5,7
7019,1,7
7020,6,7
7021,7,8
7022,2,7
7023,1,7
7024,3,7
7025,9,7
7026,3,7
7027,8,7
7028,7,7
7029,5,9
7030,7,7
7031,0,7
7032,7,7
7033,4,7
7034,8,7
7035,8,7
7036,5,7
7037,0,7
7038,6,0
7039,6,7
7040,3,7
7041,7,7
7042,6,7
7043,9,7
7044,9,7
7045,4,2
7046,8,7
7047,4,7
7048,1,7
7049,0,7
7050,6,7
7051,6,7
7052,0,7
7053,1,7
7054,2,7
7055,3,7
7056,4,7
7057,5,7
7058,6,7
7059,7,7
7060,8,7
7061,9,7
7062,0,7
7063,1,7
7064,2,7
7065,3,7
7066,4,7
7067,5,7
7068,6,7
7069,7,7
7070,8,2
7071,9,7
7072,0,7
7073,1,8
7074,2,7
7075,3,7
7076,4,7
7077,5,7
7078,6,7
7079,7,7
7080,8,7
7081,9,7
7082,7,7
7083,4,7
7084,0,7
7085,4,1
7086,0,7
7087,1,7
7088,7,7
7089,9,7
7090,5,7
7091,1,7
7092,4,7
7093,2,4
7094,8,7
7095,9,7
7096,4,7
7097,3,7
7098,7,7
7099,8,7
7100,2,7
7101,4,7
7102,4,7
7103,3,7
7104,3,7
7105,6,7
7106,9,7
7107,9,7
7108,5,7
7109,8,7
7110,6,7
7111,7,6
7112,0,7
7113,6,7
7114,8,7
7115,2,7
7116,6,7
7117,3,7
7118,9,7
7119,3,7
7120,2,7
7121,8,5
7122,6,7
7123,1,7
7124,7,7
7125,4,7
7126,8,7
7127,8,7
7128,9,7
7129,0,7
7130,3,7
7131,3,7
7132,9,7
7133,0,7
7134,5,7
7135,2,7
7136,9,7
7137,4,7
7138,1,7
7139,0,7
7140,3,7
7141,7,7
7142,5,7
7143,8,7
7144,7,2
7145,7,7
7146,8,7
7147,2,7
7148,9,7
7149,7,7
7150,1,7
7151,2,7
7152,6,7
7153,4,7
7154,2,7
7155,5,7
7156,2,7
7157,3,7
7158,6,7
7159,6,7
7160,5,7
7161,0,7
7162,0,2
7163,2,7
7164,8,7
7165,1,7
7166,6,7
7167,1,7
7168,0,7
7169,4,7
7170,3,7
7171,1,7
7172,6,7
7173,1,7
7174,9,7
7175,0,9
7176,1,2
7177,4,7
7178,5,7
7179,6,7
7180,7,4
7181,8,7
7182,9,7
7183,1,7
7184,2,7
7185,3,7
7186,4,7
7187,5,7
7188,6,7
7189,7,7
7190,0,7
7191,1,7
7192,2,7
7193,3,7
7194,4,2
7195,5,4
7196,6,7
7197,7,7
7198,8,7
7199,9,7
7200,8,7
7201,4,7
7202,0,7
7203,0,7
7204,7,7
7205,2,7
7206,4,7
7207,3,7
7208,8,2
7209,6,7
7210,6,7
7211,3,6
7212,2,7
7213,6,1
7214,3,7
7215,3,7
7216,0,9
7217,1,2
7218,4,7
7219,7,7
7220,8,7
7221,0,7
7222,3,7
7223,1,7
7224,9,7
7225,0,7
7226,1,7
7227,9,7
7228,1,7
7229,2,7
7230,7,7
7231,0,7
7232,1,7
7233,3,7
7234,8,7
7235,2,7
7236,9,7
7237,2,7
7238,7,7
7239,6,7
7240,5,7
7241,5,7
7242,9,7
7243,9,7
7244,8,7
7245,2,4
7246,9,7
7247,1,7
7248,3,7
7249,2,7
7250,3,7
7251,4,7
7252,3,7
7253,1,7
7254,9,7
7255,0,7
7256,9,7
7257,3,7
7258,6,7
7259,8,7
7260,7,7
7261,0,7
7262,1,7
7263,0,7
7264,5,7
7265,8,7
7266,2,7
7267,7,7
7268,7,2
7269,0,7
7270,1,7
7271,2,0
7272,3,7
7273,4,7
7274,5,7
7275,6,7
7276,7,7
7277,8,7
7278,9,7
7279,0,7
7280,1,1
7281,2,7
7282,3,1
7283,4,0
7284,5,7
7285,6,7
7286,7,7
7287,8,7
7288,9,7
7289,0,7
7290,1,1
7291,2,7
7292,3,7
7293,4,3
7294,5,7
7295,6,6
7296,7,7
7297,8,7
7298,9,7
7299,1,2
7300,7,7
7301,4,7
7302,8,7
7303,1,7
7304,5,7
7305,6,7
7306,5,7
7307,7,7
7308,2,8
7309,8,7
7310,6,7
7311,3,7
7312,3,1
7313,8,7
7314,6,7
7315,5,2
7316,4,3
7317,0,7
7318,9,7
7319,1,7
7320,7,7
7321,2,7
7322,9,7
7323,1,1
7324,5,7
7325,1,5
7326,3,7
7327,2,7
7328,2,7
7329,3,7
7330,0,7
7331,6,7
7332,4,7
7333,3,4
7334,7,7
7335,6,7
7336,9,7
7337,0,7
7338,4,7
7339,8,7
7340,1,7
7341,4,0
7342,0,8
7343,6,7
7344,1,7
7345,2,7
7346,6,7
7347,9,7
7348,2,7
7349,2,7
7350,3,7
7351,5,7
7352,5,7
7353,1,1
7354,0,7
7355,7,7
7356,7,7
7357,9,7
7358,6,7
7359,2,7
7360,9,7
7361,4,7
7362,7,7
7363,0,3
7364,2,7
7365,3,7
7366,4,7
7367,0,3
7368,0,7
7369,8,7
7370,8,7
7371,8,7
7372,5,7
7373,1,8
7374,3,7
7375,7,7
7376,4,7
7377,9,7
7378,8,7
7379,8,7
7380,9,7
7381,0,3
7382,9,7
7383,8,7
7384,9,9
7385,0,7
7386,2,7
7387,6,7
7388,5,7
7389,6,7
7390,7,7
7391,4,7
7392,7,7
7393,5,7
7394,4,7
7395,1,7
7396,3,7
7397,5,7
7398,3,7
7399,1,7
7400,2,1
7401,3,7
7402,4,2
7403,5,7
7404,6,7
7405,1,7
7406,2,7
7407,3,7
7408,4,7
7409,6,7
7410,0,7
7411,1,7
7412,2,7
7413,4,7
7414,5,6
7415,6,7
7416,7,7
7417,8,7
7418,1,7
7419,7,1
7420,2,7
7421,4,2
7422,1,1
7423,4,2
7424,1,7
7425,4,2
7426,9,7
7427,6,7
7428,8,7
7429,4,7
7430,5,7
7431,3,7
7432,7,7
7433,8,7
7434,4,7
7435,3,7
7436,3,7
7437,5,3
7438,6,7
7439,7,7
7440,0,7
7441,6,7
7442,1,7
7443,6,7
7444,8,7
7445,7,7
7446,0,7
7447,1,7
7448,5,7
7449,0,7
7450,8,7
7451,5,1
7452,0,7
7453,1,2
7454,5,7
7455,8,7
7456,4,7
7457,2,7
7458,3,7
7459,9,7
7460,7,7
7461,6,7
7462,9,7
7463,1,7
7464,9,7
7465,0,7
7466,6,7
7467,7,3
7468,1,7
7469,2,7
7470,3,7
7471,9,7
7472,2,4
7473,4,7
7474,5,7
7475,5,7
7476,3,7
7477,7,7
7478,5,7
7479,3,7
7480,1,7
7481,8,7
7482,2,7
7483,2,7
7484,3,7
7485,0,7
7486,2,7
7487,9,7
7488,4,7
7489,9,7
7490,7,7
7491,0,7
7492,2,2
7493,7,3
7494,4,7
7495,9,7
7496,9,9
7497,2,7
7498,5,7
7499,9,7
7500,8,7
7501,3,6
7502,8,7
7503,6,7
7504,7,7
7505,0,7
7506,0,7
7507,1,7
7508,2,7
7509,3,7
7510,4,7
7511,5,7
7512,6,7
7513,7,7
7514,8,7
7515,9,7
7516,0,7
7517,1,7
7518,2,7
7519,3,7
7520,4,3
7521,5,7
7522,6,7
7523,7,7
7524,8,7
7525,9,7
7526,0,7
7527,1,7
7528,2,7
7529,3,7
7530,4,7
7531,5,7
7532,6,7
7533,7,7
7534,8,7
7535,9,7
7536,0,7
7537,0,7
7538,7,7
7539,2,9
7540,6,7
7541,5,7
7542,5,7
7543,3,7
7544,7,7
7545,8,7
7546,6,7
7547,6,7
7548,6,7
7549,6,7
7550,4,7
7551,3,7
7552,8,7
7553,8,7
7554,3,7
7555,0,7
7556,1,7
7557,9,7
7558,0,7
7559,5,7
7560,4,6
7561,1,7
7562,9,7
7563,1,7
7564,2,7
7565,7,7
7566,0,7
7567,1,7
7568,3,7
7569,8,7
7570,2,7
7571,9,7
7572,2,7
7573,7,7
7574,4,2
7575,2,7
7576,6,7
7577,5,7
7578,5,7
7579,9,7
7580,9,7
7581,1,7
7582,1,7
7583,5,7
7584,7,7
7585,6,7
7586,8,7
7587,2,7
7588,9,7
7589,4,7
7590,3,7
7591,1,7
7592,9,7
7593,0,7
7594,9,7
7595,3,7
7596,6,7
7597,8,7
7598,7,7
7599,0,7
7600,1,7
7601,0,7
7602,5,7
7603,8,7
7604,2,7
7605,7,2
7606,7,7
7607,0,7
7608,1,2
7609,2,7
7610,3,7
7611,4,7
7612,5,7
7613,6,0
7614,7,7
7615,8,7
7616,9,1
7617,0,7
7618,1,1
7619,2,7
7620,3,7
7621,4,7
7622,5,7
7623,8,7
7624,9,7
7625,0,7
7626,1,1
7627,2,1
7628,3,2
7629,4,7
7630,5,7
7631,6,7
7632,7,7
7633,8,7
7634,9,7
7635,2,7
7636,1,1
7637,2,7
7638,1,1
7639,3,7
7640,9,7
7641,9,7
7642,8,2
7643,5,7
7644,3,7
7645,7,7
7646,0,7
7647,7,2
7648,7,7
7649,5,7
7650,7,7
7651,9,7
7652,9,0
7653,4,7
7654,7,3
7655,0,7
7656,3,7
7657,4,7
7658,1,1
7659,5,7
7660,8,7
7661,1,1
7662,4,7
7663,8,7
7664,4,7
7665,1,7
7666,8,7
7667,6,7
7668,6,7
7669,4,7
7670,6,7
7671,0,7
7672,5,7
7673,5,7
7674,3,7
7675,3,7
7676,5,7
7677,7,7
7678,2,7
7679,5,7
7680,9,7
7681,6,7
7682,9,6
7683,2,7
7684,6,7
7685,2,7
7686,1,1
7687,2,7
7688,0,7
7689,8,7
7690,3,7
7691,8,7
7692,3,7
7693,0,7
7694,8,7
7695,7,7
7696,4,7
7697,9,2
7698,5,7
7699,0,7
7700,9,7
7701,7,1
7702,0,7
7703,0,7
7704,4,9
7705,6,7
7706,0,7
7707,9,7
7708,1,7
7709,6,7
7710,2,7
7711,7,7
7712,6,7
7713,8,7
7714,3,7
7715,5,7
7716,2,7
7717,1,7
7718,8,7
7719,3,2
7720,8,7
7721,6,7
7722,1,4
7723,0,7
7724,2,7
7725,1,1
7726,4,7
7727,0,7
7728,1,7
7729,2,7
7730,3,7
7731,4,7
7732,5,7
7733,6,7
7734,7,7
7735,8,7
7736,9,7
7737,0,7
7738,1,7
7739,2,2
7740,3,7
7741,4,7
7742,5,7
7743,6,7
7744,7,7
7745,8,7
7746,9,7
7747,0,7
7748,1,7
7749,2,7
7750,3,7
7751,4,7
7752,5,7
7753,6,7
7754,7,7
7755,8,7
7756,9,7
7757,7,7
7758,6,7
7759,4,6
7760,7,7
7761,6,7
7762,2,7
7763,3,7
7764,4,7
7765,8,1
7766,7,7
7767,8,7
7768,6,7
7769,9,7
7770,8,7
7771,3,7
7772,2,6
7773,2,7
7774,8,7
7775,4,7
7776,8,7
7777,5,8
7778,6,7
7779,5,7
7780,0,7
7781,2,7
7782,0,7
7783,1,7
7784,1,6
7785,2,3
7786,9,7
7787,6,8
7788,8,7
7789,2,7
7790,1,7
7791,0,7
7792,6,7
7793,5,8
7794,2,7
7795,9,7
7796,7,7
7797,5,7
7798,3,7
7799,9,7
7800,3,7
7801,7,7
7802,1,7
7803,8,7
7804,3,7
7805,8,7
7806,1,2
7807,9,7
7808,5,7
7809,5,7
7810,0,7
7811,1,7
7812,1,7
7813,9,8
7814,8,7
7815,2,6
7816,6,7
7817,0,7
7818,4,7
7819,5,7
7820,0,7
7821,3,7
7822,1,7
7823,8,7
7824,6,7
7825,7,7
7826,5,7
7827,9,7
7828,9,7
7829,3,7
7830,0,9
7831,3,3
7832,1,7
7833,4,7
7834,4,7
7835,0,7
7836,4,7
7837,9,7
7838,0,7
7839,1,7
7840,2,7
7841,3,7
7842,5,7
7843,6,7
7844,7,1
7845,8,7
7846,0,7
7847,1,7
7848,2,7
7849,3,7
7850,5,7
7851,6,8
7852,7,7
7853,8,7
7854,9,7
7855,0,7
7856,1,7
7857,2,7
7858,3,7
7859,5,7
7860,6,7
7861,7,7
7862,8,7
7863,9,7
7864,9,7
7865,7,7
7866,0,7
7867,9,7
7868,0,7
7869,1,7
7870,5,7
7871,8,6
7872,8,7
7873,0,7
7874,9,7
7875,3,7
7876,2,7
7877,7,7
7878,8,7
7879,4,7
7880,6,7
7881,1,7
7882,0,7
7883,4,7
7884,9,7
7885,4,1
7886,2,2
7887,0,7
7888,5,7
7889,0,7
7890,1,7
7891,6,7
7892,9,6
7893,3,7
7894,2,7
7895,9,7
7896,1,7
7897,6,7
7898,0,7
7899,1,1
7900,1,7
7901,8,7
7902,7,7
7903,7,7
7904,6,7
7905,3,7
7906,6,7
7907,0,7
7908,7,7
7909,2,7
7910,4,7
7911,1,7
7912,7,7
7913,0,7
7914,6,7
7915,7,6
7916,1,7
7917,2,7
7918,5,7
7919,8,5
7920,1,7
7921,8,7
7922,2,3
7923,8,7
7924,7,7
7925,6,3
7926,8,7
7927,7,7
7928,1,7
7929,6,8
7930,2,6
7931,9,7
7932,3,0
7933,0,7
7934,1,7
7935,2,7
7936,3,7
7937,4,7
7938,5,7
7939,6,7
7940,7,7
7941,8,7
7942,9,2
7943,0,7
7944,1,7
7945,2,7
7946,3,7
7947,4,7
7948,5,2
7949,6,7
7950,7,7
7951,8,7
7952,9,8
7953,0,7
7954,1,7
7955,2,3
7956,3,7
7957,4,7
7958,5,7
7959,6,5
7960,7,7
7961,8,7
7962,9,7
7963,8,7
7964,9,7
7965,5,7
7966,7,7
7967,0,7
7968,3,7
7969,1,7
7970,6,7
7971,8,7
7972,4,2
7973,1,7
7974,5,7
7975,6,7
7976,4,7
7977,2,7
7978,7,7
7979,8,3
7980,1,7
7981,3,7
7982,4,7
7983,3,9
7984,4,6
7985,7,8
7986,2,7
7987,0,7
7988,5,7
7989,0,5
7990,1,7
7991,9,9
7992,2,3
7993,3,7
7994,2,0
7995,3,7
7996,5,7
7997,5,2
7998,7,7
7999,8,7
8000,4,7
8001,9,7
8002,9,8
8003,7,7
8004,1,7
8005,1,7
8006,9,7
8007,0,7
8008,7,7
8009,8,7
8010,3,7
8011,4,7
8012,8,7
8013,6,7
8014,3,7
8015,8,7
8016,0,7
8017,9,7
8018,6,7
8019,2,7
8020,1,7
8021,0,7
8022,1,7
8023,0,7
8024,6,7
8025,2,2
8026,3,7
8027,8,7
8028,9,7
8029,0,7
8030,7,7
8031,2,7
8032,3,7
8033,4,7
8034,5,7
8035,5,7
8036,2,7
8037,8,7
8038,5,7
8039,4,7
8040,6,7
8041,6,7
8042,6,7
8043,7,7
8044,9,7
8045,1,6
8046,8,7
8047,2,0
8048,1,2
8049,5,7
8050,3,7
8051,4,7
8052,7,7
8053,9,7
8054,4,7
8055,0,7
8056,0,7
8057,0,7
8058,1,7
8059,2,7
8060,3,7
8061,4,8
8062,5,2
8063,6,3
8064,7,6
8065,8,7
8066,9,7
8067,0,7
8068,1,3
8069,2,2
8070,3,9
8071,4,7
8072,5,7
8073,6,7
8074,7,7
8075,8,7
8076,9,3
8077,0,7
8078,1,7
8079,2,9
8080,3,7
8081,4,7
8082,5,7
8083,6,8
8084,9,5
8085,0,7
8086,1,7
8087,3,7
8088,1,8
8089,5,7
8090,1,1
8091,2,7
8092,4,7
8093,9,8
8094,2,7
8095,4,8
8096,6,7
8097,8,7
8098,0,7
8099,1,7
8100,1,8
8101,9,7
8102,2,7
8103,6,8
8104,6,7
8105,8,7
8106,7,7
8107,4,9
8108,2,7
8109,9,7
8110,7,7
8111,0,7
8112,2,3
8113,1,3
8114,0,7
8115,3,7
8116,6,7
8117,0,7
8118,1,7
8119,2,7
8120,3,7
8121,4,7
8122,5,7
8123,6,7
8124,7,7
8125,8,7
8126,9,7
8127,0,7
8128,1,7
8129,2,7
8130,3,7
8131,4,7
8132,5,7
8133,6,7
8134,7,6
8135,8,7
8136,9,7
8137,0,7
8138,1,7
8139,2,7
8140,3,7
8141,4,7
8142,5,7
8143,6,7
8144,7,1
8145,8,7
8146,9,7
8147,8,7
8148,6,7
8149,5,7
8150,9,7
8151,7,7
8152,0,7
8153,2,7
8154,3,7
8155,4,7
8156,3,7
8157,8,7
8158,5,7
8159,1,7
8160,5,7
8161,2,7
8162,3,7
8163,0,7
8164,1,6
8165,2,3
8166,1,7
8167,3,7
8168,2,9
8169,6,7
8170,5,7
8171,3,7
8172,0,7
8173,7,7
8174,2,3
8175,7,7
8176,4,6
8177,6,7
8178,4,7
8179,0,7
8180,5,7
8181,9,7
8182,9,7
8183,8,7
8184,9,7
8185,5,7
8186,3,7
8187,1,7
8188,7,7
8189,4,7
8190,7,7
8191,6,7
8192,5,7
8193,4,7
8194,0,7
8195,0,7
8196,6,7
8197,6,7
8198,2,7
8199,0,7
8200,6,3
8201,3,7
8202,7,7
8203,7,7
8204,4,7
8205,4,7
8206,3,7
8207,9,7
8208,2,7
8209,8,7
8210,9,7
8211,6,7
8212,0,7
8213,9,7
8214,5,7
8215,3,7
8216,8,7
8217,8,7
8218,7,2
8219,1,7
8220,4,7
8221,0,7
8222,4,7
8223,8,7
8224,5,7
8225,2,7
8226,3,7
8227,9,7
8228,0,7
8229,1,7
8230,9,7
8231,1,7
8232,5,7
8233,1,7
8234,7,7
8235,4,7
8236,8,7
8237,6,7
8238,2,7
8239,1,7
8240,6,7
8241,8,7
8242,8,7
8243,0,7
8244,1,7
8245,2,7
8246,3,7
8247,4,7
8248,7,7
8249,8,7
8250,9,7
8251,0,7
8252,1,7
8253,2,7
8254,3,7
8255,4,7
8256,6,6
8257,7,2
8258,8,7
8259,9,7
8260,0,7
8261,1,1
8262,2,7
8263,3,7
8264,4,7
8265,7,7
8266,8,7
8267,9,7
8268,1,7
8269,4,7
8270,5,2
8271,3,2
8272,3,7
8273,0,7
8274,9,7
8275,5,7
8276,4,7
8277,3,9
8278,0,7
8279,8,7
8280,4,2
8281,6,7
8282,7,7
8283,0,7
8284,7,7
8285,7,7
8286,1,7
8287,6,7
8288,9,7
8289,1,7
8290,3,7
8291,6,7
8292,2,7
8293,3,7
8294,8,7
8295,2,6
8296,3,7
8297,8,7
8298,9,7
8299,5,7
8300,8,7
8301,8,7
8302,7,7
8303,1,7
8304,7,7
8305,1,7
8306,1,7
8307,0,7
8308,3,7
8309,4,7
8310,2,0
8311,6,2
8312,4,2
8313,7,7
8314,4,7
8315,2,7
8316,7,7
8317,4,7
8318,2,7
8319,9,7
8320,2,7
8321,7,7
8322,9,7
8323,2,7
8324,1,7
8325,0,7
8326,6,7
8327,5,7
8328,3,7
8329,4,7
8330,8,7
8331,5,7
8332,9,7
8333,6,7
8334,9,7
8335,0,7
8336,6,7
8337,3,7
8338,0,7
8339,8,1
8340,1,7
8341,6,7
8342,0,7
8343,0,7
8344,1,7
8345,2,7
8346,3,7
8347,4,7
8348,5,7
8349,6,7
8350,7,7
8351,0,7
8352,1,7
8353,2,7
8354,3,7
8355,4,2
8356,7,7
8357,8,7
8358,9,7
8359,0,7
8360,1,7
8361,2,7
8362,3,7
8363,4,7
8364,7,7
8365,2,7
8366,5,7
8367,1,7
8368,6,7
8369,4,7
8370,3,7
8371,9,7
8372,9,7
8373,0,7
8374,9,7
8375,7,7
8376,1,7
8377,6,7
8378,4,7
8379,3,7
8380,6,7
8381,2,7
8382,0,4
8383,9,7
8384,8,1
8385,6,7
8386,5,7
8387,7,7
8388,0,7
8389,0,7
8390,1,7
8391,7,7
8392,4,7
8393,3,7
8394,2,7
8395,4,7
8396,1,7
8397,3,1
8398,7,3
8399,6,7
8400,4,7
8401,7,7
8402,7,7
8403,7,7
8404,9,7
8405,8,7
8406,4,7
8407,3,7
8408,8,7
8409,2,7
8410,8,7
8411,3,7
8412,5,7
8413,8,7
8414,0,7
8415,5,7
8416,4,7
8417,7,1
8418,1,7
8419,3,7
8420,1,7
8421,7,7
8422,9,7
8423,6,7
8424,2,7
8425,0,7
8426,9,7
8427,1,7
8428,7,2
8429,3,7
8430,3,7
8431,9,7
8432,1,1
8433,6,7
8434,4,7
8435,3,7
8436,9,6
8437,8,7
8438,2,7
8439,1,7
8440,8,7
8441,6,7
8442,4,7
8443,1,7
8444,5,7
8445,5,6
8446,6,7
8447,5,7
8448,0,7
8449,1,7
8450,2,7
8451,3,7
8452,4,7
8453,5,7
8454,6,7
8455,7,8
8456,8,7
8457,9,8
8458,0,7
8459,1,1
8460,2,7
8461,3,7
8462,4,3
8463,5,7
8464,6,7
8465,7,7
8466,8,7
8467,9,7
8468,0,7
8469,1,3
8470,2,7
8471,3,7
8472,4,7
8473,5,7
8474,6,7
8475,7,7
8476,8,7
8477,9,7
8478,6,7
8479,9,7
8480,7,7
8481,0,7
8482,2,7
8483,3,7
8484,4,7
8485,3,7
8486,8,7
8487,5,7
8488,1,2
8489,3,7
8490,0,7
8491,1,2
8492,2,0
8493,1,7
8494,3,9
8495,2,7
8496,0,7
8497,7,8
8498,2,8
8499,6,3
8500,4,7
8501,0,7
8502,5,7
8503,9,2
8504,9,7
8505,8,7
8506,9,7
8507,5,7
8508,3,7
8509,1,7
8510,7,7
8511,4,7
8512,7,7
8513,0,7
8514,0,7
8515,6,7
8516,6,7
8517,6,7
8518,3,7
8519,7,7
8520,4,3
8521,2,7
8522,8,7
8523,9,7
8524,8,3
8525,7,7
8526,1,7
8527,4,0
8528,0,7
8529,4,7
8530,8,7
8531,5,7
8532,2,7
8533,3,7
8534,9,7
8535,0,7
8536,1,6
8537,9,7
8538,1,7
8539,5,7
8540,1,1
8541,7,2
8542,6,7
8543,1,1
8544,2,7
8545,1,3
8546,6,7
8547,8,7
8548,0,7
8549,1,7
8550,2,7
8551,3,7
8552,4,7
8553,5,7
8554,6,7
8555,7,7
8556,8,7
8557,9,7
8558,0,7
8559,1,7
8560,2,7
8561,3,7
8562,4,7
8563,5,7
8564,6,7
8565,7,7
8566,8,7
8567,0,7
8568,1,1
8569,2,7
8570,3,7
8571,5,7
8572,6,7
8573,7,1
8574,8,7
8575,1,1
8576,0,7
8577,4,7
8578,5,7
8579,6,7
8580,6,7
8581,3,7
8582,4,7
8583,4,7
8584,2,7
8585,8,7
8586,1,7
8587,0,7
8588,6,7
8589,4,7
8590,9,7
8591,7,6
8592,2,7
8593,9,2
8594,2,2
8595,0,7
8596,9,7
8597,3,7
8598,3,7
8599,9,7
8600,1,7
8601,5,9
8602,2,7
8603,3,7
8604,1,7
8605,6,7
8606,7,7
8607,3,7
8608,7,9
8609,8,7
8610,4,7
8611,0,7
8612,2,9
8613,4,7
8614,0,7
8615,2,7
8616,4,0
8617,7,1
8618,8,7
8619,0,7
8620,7,7
8621,0,2
8622,6,7
8623,9,7
8624,3,7
8625,2,7
8626,4,7
8627,8,7
8628,6,7
8629,0,7
8630,5,1
8631,7,7
8632,5,7
8633,1,7
8634,0,7
8635,8,7
8636,1,1
8637,6,7
8638,7,7
8639,2,7
8640,9,7
8641,7,3
8642,9,7
8643,5,7
8644,6,7
8645,5,7
8646,2,7
8647,6,7
8648,2,7
8649,8,2
8650,1,7
8651,7,7
8652,5,7
8653,5,7
8654,7,7
8655,3,7
8656,5,7
8657,0,7
8658,1,7
8659,1,7
8660,3,7
8661,8,7
8662,4,7
8663,9,7
8664,4,1
8665,5,7
8666,1,3
8667,8,6
8668,6,7
8669,8,2
8670,9,7
8671,0,7
8672,1,7
8673,2,7
8674,3,7
8675,4,7
8676,5,7
8677,6,7
8678,7,7
8679,8,7
8680,9,7
8681,0,7
8682,1,7
8683,2,7
8684,3,7
8685,4,7
8686,5,7
8687,6,7
8688,7,7
8689,8,7
8690,9,7
8691,0,7
8692,1,8
8693,2,7
8694,3,7
8695,4,7
8696,5,7
8697,6,7
8698,7,7
8699,8,7
8700,9,7
8701,3,7
8702,5,7
8703,3,5
8704,2,7
8705,9,7
8706,3,7
8707,2,7
8708,1,7
8709,4,7
8710,5,7
8711,5,7
8712,2,7
8713,3,7
8714,2,7
8715,1,8
8716,3,7
8717,9,7
8718,7,7
8719,2,7
8720,1,7
8721,2,7
8722,8,7
8723,9,7
8724,1,2
8725,8,7
8726,8,7
8727,7,7
8728,8,8
8729,1,7
8730,0,7
8731,0,7
8732,6,7
8733,7,7
8734,7,7
8735,8,7
8736,7,7
8737,5,7
8738,0,7
8739,6,7
8740,1,1
8741,5,7
8742,7,7
8743,4,7
8744,6,7
8745,1,1
8746,2,7
8747,5,7
8748,0,7
8749,7,7
8750,9,7
8751,9,7
8752,0,7
8753,3,7
8754,4,7
8755,4,8
8756,8,7
8757,4,7
8758,1,7
8759,8,7
8760,6,7
8761,5,7
8762,9,7
8763,0,7
8764,0,7
8765,0,7
8766,3,7
8767,7,7
8768,1,2
8769,6,7
8770,4,7
8771,6,7
8772,0,7
8773,4,3
8774,5,7
8775,4,7
8776,1,7
8777,3,7
8778,8,7
8779,6,1
8780,3,7
8781,9,7
8782,9,7
8783,5,7
8784,9,7
8785,3,7
8786,7,7
8787,8,7
8788,5,7
8789,6,7
8790,4,7
8791,7,7
8792,6,7
8793,2,3
8794,2,7
8795,0,7
8796,9,7
8797,4,7
8798,0,7
8799,1,7
8800,2,7
8801,3,7
8802,4,7
8803,5,7
8804,6,7
8805,7,7
8806,8,7
8807,9,7
8808,0,7
8809,1,7
8810,2,7
8811,3,7
8812,4,1
8813,5,6
8814,6,7
8815,7,3
8816,8,7
8817,9,7
8818,0,7
8819,1,7
8820,2,7
8821,3,7
8822,4,2
8823,5,7
8824,6,7
8825,7,7
8826,8,7
8827,9,7
8828,6,7
8829,4,7
8830,2,6
8831,6,7
8832,4,7
8833,7,7
8834,5,7
8835,5,7
8836,4,7
8837,7,7
8838,2,7
8839,9,7
8840,3,7
8841,9,7
8842,3,7
8843,8,7
8844,2,7
8845,0,7
8846,9,2
8847,5,7
8848,6,7
8849,0,7
8850,1,7
8851,0,7
8852,6,3
8853,5,7
8854,3,7
8855,5,7
8856,3,7
8857,8,7
8858,0,7
8859,0,7
8860,3,7
8861,4,7
8862,1,7
8863,5,7
8864,3,7
8865,0,7
8866,8,7
8867,3,7
8868,0,7
8869,6,7
8870,2,7
8871,7,7
8872,8,7
8873,1,7
8874,7,7
8875,1,7
8876,3,7
8877,8,7
8878,5,7
8879,4,7
8880,2,7
8881,0,7
8882,9,7
8883,7,7
8884,6,7
8885,7,7
8886,4,7
8887,1,7
8888,6,7
8889,2,7
8890,6,7
8891,7,2
8892,1,7
8893,9,7
8894,8,7
8895,0,7
8896,6,7
8897,9,7
8898,4,7
8899,9,7
8900,9,7
8901,6,8
8902,2,7
8903,3,7
8904,7,7
8905,1,7
8906,9,7
8907,2,7
8908,2,7
8909,5,2
8910,3,7
8911,7,2
8912,8,7
8913,0,7
8914,1,7
8915,2,7
8916,3,7
8917,4,7
8918,7,7
8919,8,7
8920,9,7
8921,0,7
8922,1,7
8923,2,7
8924,3,7
8925,4,7
8926,7,7
8927,8,7
8928,9,7
8929,0,7
8930,1,7
8931,7,7
8932,8,7
8933,9,7
8934,8,7
8935,9,7
8936,2,7
8937,6,7
8938,1,7
8939,3,7
8940,5,7
8941,4,7
8942,8,7
8943,2,3
8944,6,7
8945,4,7
8946,3,7
8947,4,7
8948,5,7
8949,9,7
8950,2,7
8951,0,7
8952,3,7
8953,9,7
8954,4,7
8955,9,7
8956,7,7
8957,3,3
8958,8,7
8959,7,7
8960,4,7
8961,4,7
8962,9,7
8963,8,7
8964,5,7
8965,8,7
8966,2,7
8967,6,7
8968,6,7
8969,2,7
8970,3,7
8971,1,7
8972,3,7
8973,2,7
8974,7,7
8975,3,7
8976,1,7
8977,9,7
8978,0,7
8979,1,1
8980,1,7
8981,3,5
8982,5,7
8983,0,7
8984,7,7
8985,8,7
8986,1,7
8987,5,7
8988,1,7
8989,4,7
8990,6,7
8991,0,7
8992,0,7
8993,4,7
8994,9,7
8995,1,7
8996,6,7
8997,6,7
8998,9,7
8999,0,7
9000,7,7
9001,6,7
9002,1,7
9003,1,7
9004,0,7
9005,1,7
9006,2,7
9007,3,7
9008,4,7
9009,7,7
9010,2,7
9011,3,7
9012,4,7
9013,5,4
9014,6,7
9015,7,7
9016,0,7
9017,1,7
9018,2,7
9019,7,7
9020,8,7
9021,6,7
9022,3,7
9023,9,7
9024,7,7
9025,1,7
9026,9,7
9027,3,7
9028,9,7
9029,6,7
9030,1,7
9031,7,7
9032,2,7
9033,4,7
9034,4,2
9035,5,7
9036,7,7
9037,0,7
9038,0,7
9039,1,7
9040,6,7
9041,6,7
9042,8,7
9043,2,7
9044,7,7
9045,7,7
9046,2,7
9047,4,2
9048,2,7
9049,1,7
9050,6,7
9051,1,3
9052,0,7
9053,6,7
9054,9,7
9055,8,7
9056,3,7
9057,9,7
9058,6,7
9059,3,1
9060,0,7
9061,1,7
9062,2,7
9063,3,7
9064,4,7
9065,5,7
9066,6,7
9067,7,7
9068,8,7
9069,9,7
9070,0,7
9071,1,8
9072,2,7
9073,3,7
9074,4,7
9075,5,8
9076,6,5
9077,7,1
9078,8,7
9079,9,7
9080,0,7
9081,1,1
9082,2,7
9083,3,7
9084,4,7
9085,5,7
9086,6,7
9087,7,9
9088,8,7
9089,9,3
9090,1,2
9091,6,7
9092,8,7
9093,9,7
9094,9,7
9095,0,7
9096,1,7
9097,2,7
9098,4,7
9099,4,7
9100,3,7
9101,7,7
9102,4,9
9103,4,3
9104,4,7
9105,0,7
9106,3,7
9107,8,7
9108,7,5
9109,5,7
9110,8,2
9111,2,7
9112,1,8
9113,7,7
9114,5,7
9115,3,7
9116,8,7
9117,5,7
9118,2,7
9119,5,7
9120,1,4
9121,1,7
9122,6,7
9123,2,7
9124,1,1
9125,3,7
9126,8,7
9127,6,6
9128,4,7
9129,2,7
9130,6,7
9131,2,7
9132,5,7
9133,5,7
9134,0,7
9135,2,8
9136,8,7
9137,0,7
9138,6,5
9139,8,8
9140,1,7
9141,7,7
9142,9,7
9143,1,8
9144,9,7
9145,2,7
9146,6,7
9147,7,7
9148,6,7
9149,6,7
9150,8,7
9151,7,7
9152,4,7
9153,9,2
9154,2,7
9155,1,8
9156,3,2
9157,3,7
9158,0,7
9159,5,7
9160,5,7
9161,8,7
9162,0,7
9163,3,7
9164,7,7
9165,9,2
9166,7,7
9167,0,7
9168,2,7
9169,7,7
9170,9,7
9171,1,2
9172,7,7
9173,8,7
9174,0,7
9175,3,7
9176,5,7
9177,3,7
9178,6,7
9179,0,7
9180,1,1
9181,2,7
9182,3,7
9183,4,7
9184,5,7
9185,6,7
9186,7,7
9187,8,7
9188,9,7
9189,0,7
9190,1,7
9191,2,7
9192,3,7
9193,4,7
9194,5,7
9195,6,7
9196,7,7
9197,8,7
9198,9,2
9199,0,7
9200,1,7
9201,2,7
9202,3,7
9203,4,7
9204,7,7
9205,8,7
9206,9,7
9207,6,7
9208,4,7
9209,2,7
9210,6,7
9211,4,7
9212,7,7
9213,8,7
9214,9,7
9215,2,7
9216,9,7
9217,3,7
9218,9,7
9219,3,7
9220,0,7
9221,0,7
9222,1,7
9223,0,7
9224,4,7
9225,2,7
9226,6,7
9227,3,7
9228,5,7
9229,3,7
9230,0,7
9231,3,7
9232,4,7
9233,1,7
9234,5,7
9235,3,7
9236,0,7
9237,8,7
9238,3,7
9239,0,7
9240,6,7
9241,1,7
9242,7,7
9243,8,7
9244,0,7
9245,9,7
9246,2,7
9247,6,7
9248,7,7
9249,1,7
9250,9,7
9251,6,7
9252,9,3
9253,4,7
9254,9,7
9255,9,7
9256,6,2
9257,7,6
9258,1,1
9259,2,7
9260,5,7
9261,3,7
9262,7,2
9263,8,7
9264,0,7
9265,1,1
9266,2,7
9267,4,7
9268,5,7
9269,6,7
9270,7,7
9271,8,7
9272,9,7
9273,0,7
9274,1,3
9275,3,7
9276,4,7
9277,5,7
9278,6,7
9279,7,7
9280,8,2
9281,0,7
9282,1,1
9283,3,7
9284,4,7
9285,7,2
9286,8,7
9287,9,7
9288,7,7
9289,5,7
9290,5,7
9291,1,1
9292,9,7
9293,9,5
9294,7,2
9295,1,2
9296,0,7
9297,0,7
9298,5,7
9299,9,1
9300,7,9
9301,1,1
9302,7,7
9303,2,7
9304,2,7
9305,3,7
9306,6,7
9307,8,7
9308,3,7
9309,2,7
9310,0,7
9311,0,7
9312,6,7
9313,1,7
9314,7,2
9315,5,1
9316,8,7
9317,6,7
9318,2,7
9319,9,3
9320,4,7
9321,8,7
9322,8,7
9323,7,7
9324,1,1
9325,0,7
9326,8,7
9327,7,7
9328,7,6
9329,5,7
9330,8,7
9331,5,7
9332,3,7
9333,4,7
9334,6,7
9335,1,7
9336,1,1
9337,5,7
9338,5,7
9339,0,7
9340,7,0
9341,2,7
9342,3,7
9343,6,7
9344,4,7
9345,1,7
9346,2,5
9347,4,4
9348,1,7
9349,5,7
9350,4,0
9351,2,7
9352,0,7
9353,4,2
9354,8,7
9355,6,7
9356,1,2
9357,9,7
9358,0,7
9359,2,7
9360,5,7
9361,6,7
9362,9,6
9363,3,9
9364,6,7
9365,3,7
9366,6,7
9367,0,7
9368,1,7
9369,2,7
9370,3,7
9371,4,8
9372,5,7
9373,6,7
9374,7,3
9375,8,7
9376,9,7
9377,0,7
9378,1,7
9379,2,7
9380,3,7
9381,4,7
9382,5,7
9383,6,3
9384,7,7
9385,8,7
9386,9,7
9387,0,7
9388,1,7
9389,2,7
9390,3,7
9391,5,7
9392,6,7
9393,7,7
9394,8,7
9395,1,3
9396,0,7
9397,9,7
9398,5,6
9399,7,7
9400,5,7
9401,1,1
9402,8,7
9403,6,7
9404,9,7
9405,0,7
9406,4,7
9407,1,1
9408,9,7
9409,3,2
9410,8,7
9411,4,7
9412,4,7
9413,7,0
9414,0,7
9415,1,1
9416,9,7
9417,2,7
9418,8,7
9419,7,7
9420,8,7
9421,2,7
9422,5,7
9423,9,7
9424,6,7
9425,0,7
9426,6,7
9427,5,7
9428,5,7
9429,3,7
9430,3,7
9431,3,7
9432,9,7
9433,8,7
9434,1,9
9435,1,1
9436,0,7
9437,6,7
9438,1,3
9439,0,7
9440,0,7
9441,6,7
9442,2,7
9443,1,1
9444,1,1
9445,3,7
9446,2,7
9447,7,7
9448,7,7
9449,8,7
9450,8,7
9451,7,6
9452,8,7
9453,4,7
9454,6,7
9455,0,7
9456,2,7
9457,0,7
9458,7,7
9459,0,7
9460,3,7
9461,6,7
9462,8,7
9463,7,7
9464,1,7
9465,5,7
9466,9,7
9467,9,7
9468,3,7
9469,7,7
9470,2,7
9471,4,7
9472,9,7
9473,4,7
9474,3,7
9475,6,7
9476,2,7
9477,2,7
9478,5,7
9479,3,7
9480,2,7
9481,5,7
9482,5,7
9483,9,7
9484,4,7
9485,1,7
9486,7,7
9487,2,8
9488,0,7
9489,1,7
9490,2,7
9491,3,2
9492,4,7
9493,5,7
9494,6,7
9495,7,7
9496,8,7
9497,9,7
9498,0,7
9499,1,7
9500,2,7
9501,3,7
9502,4,7
9503,5,7
9504,6,7
9505,7,0
9506,8,7
9507,9,7
9508,0,7
9509,1,7
9510,2,7
9511,3,7
9512,4,7
9513,5,1
9514,6,7
9515,7,7
9516,8,7
9517,9,7
9518,1,7
9519,0,7
9520,1,7
9521,2,7
9522,7,7
9523,5,7
9524,3,7
9525,4,7
9526,4,7
9527,0,7
9528,0,7
9529,6,7
9530,9,7
9531,6,7
9532,6,7
9533,5,7
9534,7,7
9535,2,7
9536,3,7
9537,4,7
9538,4,7
9539,9,6
9540,1,7
9541,4,3
9542,0,7
9543,7,7
9544,9,7
9545,5,7
9546,7,7
9547,2,7
9548,3,7
9549,1,1
9550,4,6
9551,4,7
9552,0,3
9553,9,7
9554,9,7
9555,6,7
9556,1,7
9557,8,7
9558,3,7
9559,3,7
9560,7,7
9561,3,7
9562,9,7
9563,8,7
9564,8,7
9565,4,7
9566,7,7
9567,7,7
9568,6,7
9569,2,7
9570,1,1
9571,9,7
9572,8,7
9573,7,7
9574,8,7
9575,8,7
9576,7,7
9577,2,7
9578,2,7
9579,3,7
9580,9,7
9581,3,7
9582,3,7
9583,5,7
9584,5,7
9585,0,7
9586,7,7
9587,9,7
9588,5,7
9589,6,7
9590,5,7
9591,1,7
9592,4,7
9593,1,7
9594,1,6
9595,2,2
9596,8,7
9597,2,7
9598,6,7
9599,1,7
9600,5,7
9601,0,7
9602,1,7
9603,2,7
9604,3,7
9605,4,7
9606,5,7
9607,6,2
9608,7,7
9609,8,7
9610,9,7
9611,0,7
9612,1,7
9613,2,7
9614,3,7
9615,4,7
9616,5,7
9617,6,8
9618,7,7
9619,8,7
9620,9,7
9621,0,7
9622,1,7
9623,2,7
9624,3,7
9625,4,1
9626,5,7
9627,6,7
9628,7,7
9629,8,7
9630,8,7
9631,0,7
9632,6,7
9633,0,7
9634,0,7
9635,2,7
9636,3,7
9637,7,7
9638,9,7
9639,4,3
9640,7,7
9641,1,7
9642,9,7
9643,1,3
9644,7,7
9645,1,7
9646,4,7
9647,0,7
9648,0,7
9649,1,7
9650,7,7
9651,5,7
9652,7,7
9653,1,7
9654,3,7
9655,3,7
9656,3,2
9657,1,7
9658,6,7
9659,9,7
9660,7,2
9661,1,7
9662,3,7
9663,0,7
9664,2,7
9665,6,7
9666,0,7
9667,8,7
9668,9,7
9669,4,7
9670,3,7
9671,5,7
9672,4,7
9673,8,7
9674,1,7
9675,5,7
9676,9,7
9677,0,7
9678,6,7
9679,6,7
9680,3,7
9681,8,7
9682,1,7
9683,4,7
9684,7,7
9685,5,2
9686,2,7
9687,0,3
9688,0,7
9689,1,7
9690,7,2
9691,8,7
9692,9,1
9693,6,7
9694,8,7
9695,8,7
9696,2,7
9697,3,7
9698,6,7
9699,1,7
9700,2,1
9701,9,7
9702,5,7
9703,2,7
9704,0,7
9705,1,7
9706,2,7
9707,3,7
9708,4,7
9709,5,7
9710,6,7
9711,7,7
9712,8,7
9713,9,7
9714,0,7
9715,1,7
9716,2,7
9717,3,7
9718,4,7
9719,5,7
9720,6,7
9721,7,7
9722,8,7
9723,9,7
9724,0,7
9725,1,1
9726,2,7
9727,3,7
9728,4,7
9729,5,7
9730,6,7
9731,7,7
9732,8,7
9733,9,7
9734,7,7
9735,4,7
9736,6,7
9737,1,7
9738,4,7
9739,0,7
9740,9,7
9741,9,7
9742,3,7
9743,7,3
9744,8,7
9745,4,7
9746,7,7
9747,5,7
9748,8,7
9749,5,7
9750,3,7
9751,2,7
9752,2,7
9753,0,7
9754,5,7
9755,8,7
9756,6,7
9757,0,7
9758,3,7
9759,8,7
9760,1,7
9761,0,7
9762,3,2
9763,0,7
9764,4,7
9765,7,7
9766,4,7
9767,9,7
9768,2,7
9769,9,7
9770,5,7
9771,7,7
9772,1,7
9773,7,7
9774,1,7
9775,6,7
9776,6,7
9777,5,7
9778,6,2
9779,2,7
9780,8,7
9781,7,7
9782,6,7
9783,4,7
9784,9,7
9785,9,7
9786,5,7
9787,3,7
9788,7,7
9789,4,7
9790,3,7
9791,0,7
9792,4,7
9793,6,7
9794,6,7
9795,1,7
9796,1,7
9797,3,2
9798,2,7
9799,1,7
9800,0,7
9801,0,7
9802,1,7
9803,2,7
9804,3,7
9805,4,7
9806,7,7
9807,8,7
9808,9,7
9809,0,7
9810,1,7
9811,2,7
9812,3,8
9813,4,7
9814,5,0
9815,6,7
9816,7,7
9817,8,7
9818,0,7
9819,1,7
9820,2,7
9821,3,7
9822,4,7
9823,7,3
9824,8,7
9825,9,7
9826,0,7
9827,8,7
9828,3,7
9829,9,7
9830,5,7
9831,5,7
9832,2,7
9833,6,7
9834,8,7
9835,4,7
9836,1,7
9837,7,7
9838,1,7
9839,2,3
9840,3,7
9841,5,7
9842,6,2
9843,9,2
9844,1,7
9845,1,7
9846,1,7
9847,2,7
9848,1,1
9849,2,7
9850,0,7
9851,7,3
9852,7,4
9853,5,7
9854,8,2
9855,2,7
9856,9,7
9857,8,4
9858,6,7
9859,7,7
9860,3,7
9861,4,3
9862,6,2
9863,8,7
9864,7,7
9865,0,7
9866,4,7
9867,2,7
9868,7,1
9869,7,7
9870,5,7
9871,4,7
9872,3,4
9873,4,7
9874,2,7
9875,8,7
9876,1,7
9877,5,7
9878,1,7
9879,0,7
9880,2,7
9881,3,8
9882,3,7
9883,5,3
9884,7,7
9885,0,7
9886,6,7
9887,8,7
9888,6,7
9889,3,2
9890,9,1
9891,9,2
9892,8,7
9893,2,7
9894,7,7
9895,7,1
9896,1,7
9897,0,7
9898,1,7
9899,7,7
9900,8,2
9901,9,7
9902,0,7
9903,1,7
9904,2,7
9905,3,7
9906,4,2
9907,5,7
9908,6,7
9909,7,7
9910,8,7
9911,0,7
9912,1,9
9913,2,7
9914,3,7
9915,4,7
9916,7,7
9917,8,7
9918,9,7
9919,7,7
9920,8,7
9921,6,7
9922,4,7
9923,1,7
9924,9,7
9925,3,7
9926,8,7
9927,4,7
9928,4,7
9929,7,7
9930,0,7
9931,1,7
9932,9,7
9933,2,7
9934,8,7
9935,7,7
9936,8,4
9937,2,7
9938,6,7
9939,0,7
9940,6,7
9941,5,7
9942,3,7
9943,3,7
9944,3,7
9945,9,7
9946,1,7
9947,4,7
9948,0,7
9949,6,7
9950,1,7
9951,0,7
9952,0,7
9953,6,7
9954,2,7
9955,1,7
9956,1,7
9957,7,7
9958,7,6
9959,8,7
9960,4,7
9961,6,7
9962,0,7
9963,7,1
9964,0,7
9965,3,7
9966,6,7
9967,8,7
9968,7,7
9969,1,7
9970,5,7
9971,2,1
9972,4,6
9973,9,7
9974,4,7
9975,3,7
9976,6,7
9977,4,7
9978,1,7
9979,7,7
9980,2,7
9981,6,7
9982,5,7
9983,0,7
9984,1,3
9985,2,7
9986,3,7
9987,4,7
9988,5,7
9989,6,7
9990,7,9
9991,8,8
9992,9,7
9993,0,7
9994,1,4
9995,2,7
9996,3,7
9997,4,0
9998,5,7
9999,6,7
